711645457	1595488554250	{"acc":3,"vals":[153.0,0.0,0.0,0.0,5.0,0.0,5.0,0.0,0.0,0.0,0.0,0.0,0.0,0.0,0.0,0.0]}
711645510	1595488554303	{"acc":3,"vals":[161.0,0.0,0.0,0.0,5.0,0.0,6.0,0.0,0.0,0.0,0.0,0.0,0.0,0.0,0.0,0.0]}
711645562	1595488554354	{"acc":3,"vals":[169.0,0.0,0.0,0.0,5.0,0.0,7.0,0.0,0.0,0.0,0.0,0.0,0.0,0.0,0.0,0.0]}
711645615	1595488554408	{"acc":3,"vals":[165.0,0.0,0.0,0.0,5.0,0.0,7.0,0.0,0.0,0.0,0.0,0.0,0.0,0.0,0.0,0.0]}
711645667	1595488554460	{"acc":3,"vals":[165.0,0.0,0.0,0.0,5.0,0.0,7.0,0.0,0.0,0.0,0.0,0.0,0.0,0.0,0.0,0.0]}
711645720	1595488554512	{"acc":3,"vals":[161.0,0.0,0.0,0.0,5.0,0.0,7.0,0.0,0.0,0.0,0.0,0.0,0.0,0.0,0.0,0.0]}
711645773	1595488554566	{"acc":3,"vals":[161.0,0.0,0.0,0.0,5.0,0.0,7.0,0.0,0.0,0.0,0.0,0.0,0.0,0.0,0.0,0.0]}
711645825	1595488554618	{"acc":3,"vals":[153.0,0.0,0.0,0.0,5.0,0.0,7.0,0.0,0.0,0.0,0.0,0.0,0.0,0.0,0.0,0.0]}
711645878	1595488554671	{"acc":3,"vals":[161.0,0.0,0.0,0.0,5.0,0.0,7.0,0.0,0.0,0.0,0.0,0.0,0.0,0.0,0.0,0.0]}
711645931	1595488554723	{"acc":3,"vals":[161.0,0.0,0.0,0.0,5.0,0.0,7.0,0.0,0.0,0.0,0.0,0.0,0.0,0.0,0.0,0.0]}
711645983	1595488554775	{"acc":3,"vals":[153.0,0.0,0.0,0.0,5.0,0.0,7.0,0.0,0.0,0.0,0.0,0.0,0.0,0.0,0.0,0.0]}
711646036	1595488554829	{"acc":3,"vals":[148.0,0.0,0.0,0.0,4.0,0.0,7.0,0.0,0.0,0.0,0.0,0.0,0.0,0.0,0.0,0.0]}
711646089	1595488554882	{"acc":3,"vals":[140.0,0.0,0.0,0.0,4.0,0.0,7.0,0.0,0.0,0.0,0.0,0.0,0.0,0.0,0.0,0.0]}
711646141	1595488554934	{"acc":3,"vals":[128.0,0.0,0.0,0.0,4.0,0.0,7.0,0.0,0.0,0.0,0.0,0.0,0.0,0.0,0.0,0.0]}
711646194	1595488554986	{"acc":3,"vals":[123.0,0.0,0.0,0.0,3.0,0.0,7.0,0.0,0.0,0.0,0.0,0.0,0.0,0.0,0.0,0.0]}
711646247	1595488555040	{"acc":3,"vals":[128.0,0.0,0.0,0.0,4.0,0.0,7.0,0.0,0.0,0.0,0.0,0.0,0.0,0.0,0.0,0.0]}
711646299	1595488555091	{"acc":3,"vals":[132.0,0.0,0.0,0.0,4.0,0.0,7.0,0.0,0.0,0.0,0.0,0.0,0.0,0.0,0.0,0.0]}
711646352	1595488555145	{"acc":3,"vals":[124.0,0.0,0.0,0.0,4.0,0.0,7.0,0.0,0.0,0.0,0.0,0.0,0.0,0.0,0.0,0.0]}
711646405	1595488555197	{"acc":3,"vals":[128.0,0.0,0.0,0.0,4.0,0.0,7.0,0.0,0.0,0.0,0.0,0.0,0.0,0.0,0.0,0.0]}
711646457	1595488555250	{"acc":3,"vals":[132.0,0.0,0.0,0.0,4.0,0.0,7.0,0.0,0.0,0.0,0.0,0.0,0.0,0.0,0.0,0.0]}
711646510	1595488555303	{"acc":3,"vals":[136.0,0.0,0.0,0.0,4.0,0.0,7.0,0.0,0.0,0.0,0.0,0.0,0.0,0.0,0.0,0.0]}
711646562	1595488555354	{"acc":3,"vals":[144.0,0.0,0.0,0.0,4.0,0.0,7.0,0.0,0.0,0.0,0.0,0.0,0.0,0.0,0.0,0.0]}
711646615	1595488555408	{"acc":3,"vals":[136.0,0.0,0.0,0.0,4.0,0.0,7.0,0.0,0.0,0.0,0.0,0.0,0.0,0.0,0.0,0.0]}
711646668	1595488555461	{"acc":3,"vals":[123.0,0.0,0.0,0.0,3.0,0.0,7.0,0.0,0.0,0.0,0.0,0.0,0.0,0.0,0.0,0.0]}
711646720	1595488555512	{"acc":3,"vals":[115.0,0.0,0.0,0.0,3.0,0.0,7.0,0.0,0.0,0.0,0.0,0.0,0.0,0.0,0.0,0.0]}
711646773	1595488555565	{"acc":3,"vals":[115.0,0.0,0.0,0.0,3.0,0.0,7.0,0.0,0.0,0.0,0.0,0.0,0.0,0.0,0.0,0.0]}
711646825	1595488555617	{"acc":3,"vals":[132.0,0.0,0.0,0.0,4.0,0.0,7.0,0.0,0.0,0.0,0.0,0.0,0.0,0.0,0.0,0.0]}
711646878	1595488555670	{"acc":3,"vals":[140.0,0.0,0.0,0.0,4.0,0.0,7.0,0.0,0.0,0.0,0.0,0.0,0.0,0.0,0.0,0.0]}
711646930	1595488555722	{"acc":3,"vals":[132.0,0.0,0.0,0.0,4.0,0.0,7.0,0.0,0.0,0.0,0.0,0.0,0.0,0.0,0.0,0.0]}
711646983	1595488555776	{"acc":3,"vals":[132.0,0.0,0.0,0.0,4.0,0.0,7.0,0.0,0.0,0.0,0.0,0.0,0.0,0.0,0.0,0.0]}
711647035	1595488555828	{"acc":3,"vals":[132.0,0.0,0.0,0.0,4.0,0.0,7.0,0.0,0.0,0.0,0.0,0.0,0.0,0.0,0.0,0.0]}
711647088	1595488555880	{"acc":3,"vals":[132.0,0.0,0.0,0.0,4.0,0.0,7.0,0.0,0.0,0.0,0.0,0.0,0.0,0.0,0.0,0.0]}
711647141	1595488555933	{"acc":3,"vals":[132.0,0.0,0.0,0.0,4.0,0.0,7.0,0.0,0.0,0.0,0.0,0.0,0.0,0.0,0.0,0.0]}
711647193	1595488555986	{"acc":3,"vals":[136.0,0.0,0.0,0.0,4.0,0.0,7.0,0.0,0.0,0.0,0.0,0.0,0.0,0.0,0.0,0.0]}
711647246	1595488556038	{"acc":3,"vals":[132.0,0.0,0.0,0.0,4.0,0.0,7.0,0.0,0.0,0.0,0.0,0.0,0.0,0.0,0.0,0.0]}
711647298	1595488556090	{"acc":3,"vals":[128.0,0.0,0.0,0.0,4.0,0.0,7.0,0.0,0.0,0.0,0.0,0.0,0.0,0.0,0.0,0.0]}
711647351	1595488556144	{"acc":3,"vals":[128.0,0.0,0.0,0.0,4.0,0.0,7.0,0.0,0.0,0.0,0.0,0.0,0.0,0.0,0.0,0.0]}
711647404	1595488556197	{"acc":3,"vals":[124.0,0.0,0.0,0.0,4.0,0.0,7.0,0.0,0.0,0.0,0.0,0.0,0.0,0.0,0.0,0.0]}
711647456	1595488556249	{"acc":3,"vals":[128.0,0.0,0.0,0.0,4.0,0.0,7.0,0.0,0.0,0.0,0.0,0.0,0.0,0.0,0.0,0.0]}
711647509	1595488556301	{"acc":3,"vals":[132.0,0.0,0.0,0.0,4.0,0.0,7.0,0.0,0.0,0.0,0.0,0.0,0.0,0.0,0.0,0.0]}
711647562	1595488556355	{"acc":3,"vals":[128.0,0.0,0.0,0.0,4.0,0.0,7.0,0.0,0.0,0.0,0.0,0.0,0.0,0.0,0.0,0.0]}
711647614	1595488556406	{"acc":3,"vals":[128.0,0.0,0.0,0.0,4.0,0.0,7.0,0.0,0.0,0.0,0.0,0.0,0.0,0.0,0.0,0.0]}
711647667	1595488556459	{"acc":3,"vals":[128.0,0.0,0.0,0.0,4.0,0.0,7.0,0.0,0.0,0.0,0.0,0.0,0.0,0.0,0.0,0.0]}
711647720	1595488556512	{"acc":3,"vals":[136.0,0.0,0.0,0.0,4.0,0.0,7.0,0.0,0.0,0.0,0.0,0.0,0.0,0.0,0.0,0.0]}
711647772	1595488556565	{"acc":3,"vals":[141.0,0.0,0.0,0.0,5.0,0.0,7.0,0.0,0.0,0.0,0.0,0.0,0.0,0.0,0.0,0.0]}
711647825	1595488556618	{"acc":3,"vals":[136.0,0.0,0.0,0.0,4.0,0.0,7.0,0.0,0.0,0.0,0.0,0.0,0.0,0.0,0.0,0.0]}
711647878	1595488556670	{"acc":3,"vals":[136.0,0.0,0.0,0.0,4.0,0.0,7.0,0.0,0.0,0.0,0.0,0.0,0.0,0.0,0.0,0.0]}
711647930	1595488556722	{"acc":3,"vals":[136.0,0.0,0.0,0.0,4.0,0.0,7.0,0.0,0.0,0.0,0.0,0.0,0.0,0.0,0.0,0.0]}
711647983	1595488556775	{"acc":3,"vals":[128.0,0.0,0.0,0.0,4.0,0.0,7.0,0.0,0.0,0.0,0.0,0.0,0.0,0.0,0.0,0.0]}
711648036	1595488556828	{"acc":3,"vals":[128.0,0.0,0.0,0.0,4.0,0.0,7.0,0.0,0.0,0.0,0.0,0.0,0.0,0.0,0.0,0.0]}
711648088	1595488556881	{"acc":3,"vals":[132.0,0.0,0.0,0.0,4.0,0.0,7.0,0.0,0.0,0.0,0.0,0.0,0.0,0.0,0.0,0.0]}
711648141	1595488556934	{"acc":3,"vals":[136.0,0.0,0.0,0.0,4.0,0.0,7.0,0.0,0.0,0.0,0.0,0.0,0.0,0.0,0.0,0.0]}
711648193	1595488556986	{"acc":3,"vals":[140.0,0.0,0.0,0.0,4.0,0.0,7.0,0.0,0.0,0.0,0.0,0.0,0.0,0.0,0.0,0.0]}
711648246	1595488557038	{"acc":3,"vals":[137.0,0.0,0.0,0.0,5.0,0.0,7.0,0.0,0.0,0.0,0.0,0.0,0.0,0.0,0.0,0.0]}
711648299	1595488557092	{"acc":3,"vals":[141.0,0.0,0.0,0.0,5.0,0.0,7.0,0.0,0.0,0.0,0.0,0.0,0.0,0.0,0.0,0.0]}
711648351	1595488557143	{"acc":3,"vals":[137.0,0.0,0.0,0.0,5.0,0.0,7.0,0.0,0.0,0.0,0.0,0.0,0.0,0.0,0.0,0.0]}
711648404	1595488557196	{"acc":3,"vals":[137.0,0.0,0.0,0.0,5.0,0.0,7.0,0.0,0.0,0.0,0.0,0.0,0.0,0.0,0.0,0.0]}
711648456	1595488557248	{"acc":3,"vals":[141.0,0.0,0.0,0.0,5.0,0.0,7.0,0.0,0.0,0.0,0.0,0.0,0.0,0.0,0.0,0.0]}
711648509	1595488557301	{"acc":3,"vals":[145.0,0.0,0.0,0.0,5.0,0.0,7.0,0.0,0.0,0.0,0.0,0.0,0.0,0.0,0.0,0.0]}
711648561	1595488557353	{"acc":3,"vals":[145.0,0.0,0.0,0.0,5.0,0.0,7.0,0.0,0.0,0.0,0.0,0.0,0.0,0.0,0.0,0.0]}
711648614	1595488557406	{"acc":3,"vals":[140.0,0.0,0.0,0.0,4.0,0.0,7.0,0.0,0.0,0.0,0.0,0.0,0.0,0.0,0.0,0.0]}
711648666	1595488557458	{"acc":3,"vals":[137.0,0.0,0.0,0.0,5.0,0.0,7.0,0.0,0.0,0.0,0.0,0.0,0.0,0.0,0.0,0.0]}
711648719	1595488557511	{"acc":3,"vals":[141.0,0.0,0.0,0.0,5.0,0.0,7.0,0.0,0.0,0.0,0.0,0.0,0.0,0.0,0.0,0.0]}
711648772	1595488557565	{"acc":3,"vals":[145.0,0.0,0.0,0.0,5.0,0.0,7.0,0.0,0.0,0.0,0.0,0.0,0.0,0.0,0.0,0.0]}
711648824	1595488557617	{"acc":3,"vals":[145.0,0.0,0.0,0.0,5.0,0.0,7.0,0.0,0.0,0.0,0.0,0.0,0.0,0.0,0.0,0.0]}
711648877	1595488557669	{"acc":3,"vals":[149.0,0.0,0.0,0.0,5.0,0.0,7.0,0.0,0.0,0.0,0.0,0.0,0.0,0.0,0.0,0.0]}
711648929	1595488557721	{"acc":3,"vals":[149.0,0.0,0.0,0.0,5.0,0.0,7.0,0.0,0.0,0.0,0.0,0.0,0.0,0.0,0.0,0.0]}
711648982	1595488557774	{"acc":3,"vals":[149.0,0.0,0.0,0.0,5.0,0.0,7.0,0.0,0.0,0.0,0.0,0.0,0.0,0.0,0.0,0.0]}
711649035	1595488557828	{"acc":3,"vals":[149.0,0.0,0.0,0.0,5.0,0.0,7.0,0.0,0.0,0.0,0.0,0.0,0.0,0.0,0.0,0.0]}
711649087	1595488557879	{"acc":3,"vals":[149.0,0.0,0.0,0.0,5.0,0.0,7.0,0.0,0.0,0.0,0.0,0.0,0.0,0.0,0.0,0.0]}
711649140	1595488557933	{"acc":3,"vals":[149.0,0.0,0.0,0.0,5.0,0.0,7.0,0.0,0.0,0.0,0.0,0.0,0.0,0.0,0.0,0.0]}
711649193	1595488557985	{"acc":3,"vals":[149.0,0.0,0.0,0.0,5.0,0.0,7.0,0.0,0.0,0.0,0.0,0.0,0.0,0.0,0.0,0.0]}
711649245	1595488558037	{"acc":3,"vals":[153.0,0.0,0.0,0.0,5.0,0.0,7.0,0.0,0.0,0.0,0.0,0.0,0.0,0.0,0.0,0.0]}
711649298	1595488558091	{"acc":3,"vals":[153.0,0.0,0.0,0.0,5.0,0.0,7.0,0.0,0.0,0.0,0.0,0.0,0.0,0.0,0.0,0.0]}
711649351	1595488558144	{"acc":3,"vals":[153.0,0.0,0.0,0.0,5.0,0.0,7.0,0.0,0.0,0.0,0.0,0.0,0.0,0.0,0.0,0.0]}
711649403	1595488558195	{"acc":3,"vals":[153.0,0.0,0.0,0.0,5.0,0.0,7.0,0.0,0.0,0.0,0.0,0.0,0.0,0.0,0.0,0.0]}
711649456	1595488558248	{"acc":3,"vals":[153.0,0.0,0.0,0.0,5.0,0.0,7.0,0.0,0.0,0.0,0.0,0.0,0.0,0.0,0.0,0.0]}
711649509	1595488558302	{"acc":3,"vals":[153.0,0.0,0.0,0.0,5.0,0.0,7.0,0.0,0.0,0.0,0.0,0.0,0.0,0.0,0.0,0.0]}
711649561	1595488558354	{"acc":3,"vals":[157.0,0.0,0.0,0.0,5.0,0.0,7.0,0.0,0.0,0.0,0.0,0.0,0.0,0.0,0.0,0.0]}
711649614	1595488558406	{"acc":3,"vals":[157.0,0.0,0.0,0.0,5.0,0.0,7.0,0.0,0.0,0.0,0.0,0.0,0.0,0.0,0.0,0.0]}
711649667	1595488558460	{"acc":3,"vals":[153.0,0.0,0.0,0.0,5.0,0.0,7.0,0.0,0.0,0.0,0.0,0.0,0.0,0.0,0.0,0.0]}
711649719	1595488558511	{"acc":3,"vals":[157.0,0.0,0.0,0.0,5.0,0.0,7.0,0.0,0.0,0.0,0.0,0.0,0.0,0.0,0.0,0.0]}
711649772	1595488558564	{"acc":3,"vals":[154.0,0.0,0.0,0.0,6.0,0.0,7.0,0.0,0.0,0.0,0.0,0.0,0.0,0.0,0.0,0.0]}
711649824	1595488558617	{"acc":3,"vals":[158.0,0.0,0.0,0.0,6.0,0.0,7.0,0.0,0.0,0.0,0.0,0.0,0.0,0.0,0.0,0.0]}
711649877	1595488558670	{"acc":3,"vals":[153.0,0.0,0.0,0.0,5.0,0.0,7.0,0.0,0.0,0.0,0.0,0.0,0.0,0.0,0.0,0.0]}
711649929	1595488558722	{"acc":3,"vals":[149.0,0.0,0.0,0.0,5.0,0.0,7.0,0.0,0.0,0.0,0.0,0.0,0.0,0.0,0.0,0.0]}
711649982	1595488558775	{"acc":3,"vals":[153.0,0.0,0.0,0.0,5.0,0.0,7.0,0.0,0.0,0.0,0.0,0.0,0.0,0.0,0.0,0.0]}
711650034	1595488558827	{"acc":3,"vals":[154.0,0.0,0.0,0.0,6.0,0.0,7.0,0.0,0.0,0.0,0.0,0.0,0.0,0.0,0.0,0.0]}
711650087	1595488558879	{"acc":3,"vals":[154.0,0.0,0.0,0.0,6.0,0.0,7.0,0.0,0.0,0.0,0.0,0.0,0.0,0.0,0.0,0.0]}
711650139	1595488558931	{"acc":3,"vals":[154.0,0.0,0.0,0.0,6.0,0.0,7.0,0.0,0.0,0.0,0.0,0.0,0.0,0.0,0.0,0.0]}
711650192	1595488558985	{"acc":3,"vals":[153.0,0.0,0.0,0.0,5.0,0.0,7.0,0.0,0.0,0.0,0.0,0.0,0.0,0.0,0.0,0.0]}
711650245	1595488559038	{"acc":3,"vals":[150.0,0.0,0.0,0.0,6.0,0.0,7.0,0.0,0.0,0.0,0.0,0.0,0.0,0.0,0.0,0.0]}
711650297	1595488559090	{"acc":3,"vals":[150.0,0.0,0.0,0.0,6.0,0.0,7.0,0.0,0.0,0.0,0.0,0.0,0.0,0.0,0.0,0.0]}
711650350	1595488559142	{"acc":3,"vals":[150.0,0.0,0.0,0.0,6.0,0.0,7.0,0.0,0.0,0.0,0.0,0.0,0.0,0.0,0.0,0.0]}
711650403	1595488559195	{"acc":3,"vals":[158.0,0.0,0.0,0.0,6.0,0.0,7.0,0.0,0.0,0.0,0.0,0.0,0.0,0.0,0.0,0.0]}
711650455	1595488559248	{"acc":3,"vals":[150.0,0.0,0.0,0.0,6.0,0.0,7.0,0.0,0.0,0.0,0.0,0.0,0.0,0.0,0.0,0.0]}
711650508	1595488559301	{"acc":3,"vals":[153.0,0.0,0.0,0.0,5.0,0.0,7.0,0.0,0.0,0.0,0.0,0.0,0.0,0.0,0.0,0.0]}
711650560	1595488559353	{"acc":3,"vals":[149.0,0.0,0.0,0.0,5.0,0.0,7.0,0.0,0.0,0.0,0.0,0.0,0.0,0.0,0.0,0.0]}
711650613	1595488559406	{"acc":3,"vals":[149.0,0.0,0.0,0.0,5.0,0.0,7.0,0.0,0.0,0.0,0.0,0.0,0.0,0.0,0.0,0.0]}
711650666	1595488559458	{"acc":3,"vals":[145.0,0.0,0.0,0.0,5.0,0.0,7.0,0.0,0.0,0.0,0.0,0.0,0.0,0.0,0.0,0.0]}
711650718	1595488559510	{"acc":3,"vals":[145.0,0.0,0.0,0.0,5.0,0.0,7.0,0.0,0.0,0.0,0.0,0.0,0.0,0.0,0.0,0.0]}
711650771	1595488559564	{"acc":3,"vals":[145.0,0.0,0.0,0.0,5.0,0.0,7.0,0.0,0.0,0.0,0.0,0.0,0.0,0.0,0.0,0.0]}
711650824	1595488559617	{"acc":3,"vals":[141.0,0.0,0.0,0.0,5.0,0.0,7.0,0.0,0.0,0.0,0.0,0.0,0.0,0.0,0.0,0.0]}
711650876	1595488559669	{"acc":3,"vals":[145.0,0.0,0.0,0.0,5.0,0.0,7.0,0.0,0.0,0.0,0.0,0.0,0.0,0.0,0.0,0.0]}
711650929	1595488559722	{"acc":3,"vals":[141.0,0.0,0.0,0.0,5.0,0.0,7.0,0.0,0.0,0.0,0.0,0.0,0.0,0.0,0.0,0.0]}
711650982	1595488559775	{"acc":3,"vals":[137.0,0.0,0.0,0.0,5.0,0.0,7.0,0.0,0.0,0.0,0.0,0.0,0.0,0.0,0.0,0.0]}
711651034	1595488559827	{"acc":3,"vals":[145.0,0.0,0.0,0.0,5.0,0.0,7.0,0.0,0.0,0.0,0.0,0.0,0.0,0.0,0.0,0.0]}
711651087	1595488559880	{"acc":3,"vals":[145.0,0.0,0.0,0.0,5.0,0.0,7.0,0.0,0.0,0.0,0.0,0.0,0.0,0.0,0.0,0.0]}
711651140	1595488559932	{"acc":3,"vals":[149.0,0.0,0.0,0.0,5.0,0.0,7.0,0.0,0.0,0.0,0.0,0.0,0.0,0.0,0.0,0.0]}
711651192	1595488559985	{"acc":3,"vals":[154.0,0.0,0.0,0.0,6.0,0.0,7.0,0.0,0.0,0.0,0.0,0.0,0.0,0.0,0.0,0.0]}
711651245	1595488560037	{"acc":3,"vals":[158.0,0.0,0.0,0.0,6.0,0.0,7.0,0.0,0.0,0.0,0.0,0.0,0.0,0.0,0.0,0.0]}
711651298	1595488560091	{"acc":3,"vals":[153.0,0.0,0.0,0.0,5.0,0.0,7.0,0.0,0.0,0.0,0.0,0.0,0.0,0.0,0.0,0.0]}
711651350	1595488560143	{"acc":3,"vals":[157.0,0.0,0.0,0.0,5.0,0.0,7.0,0.0,0.0,0.0,0.0,0.0,0.0,0.0,0.0,0.0]}
711651402	1595488560194	{"acc":3,"vals":[162.0,0.0,0.0,0.0,6.0,0.0,7.0,0.0,0.0,0.0,0.0,0.0,0.0,0.0,0.0,0.0]}
711651455	1595488560247	{"acc":3,"vals":[174.0,0.0,0.0,0.0,6.0,0.0,7.0,0.0,0.0,0.0,0.0,0.0,0.0,0.0,0.0,0.0]}
711651507	1595488560300	{"acc":3,"vals":[182.0,0.0,0.0,0.0,6.0,0.0,7.0,0.0,0.0,0.0,0.0,0.0,0.0,0.0,0.0,0.0]}
711651560	1595488560352	{"acc":3,"vals":[178.0,0.0,0.0,0.0,6.0,0.0,7.0,0.0,0.0,0.0,0.0,0.0,0.0,0.0,0.0,0.0]}
711651612	1595488560405	{"acc":3,"vals":[174.0,0.0,0.0,0.0,6.0,0.0,7.0,0.0,0.0,0.0,0.0,0.0,0.0,0.0,0.0,0.0]}
711651665	1595488560458	{"acc":3,"vals":[174.0,0.0,0.0,0.0,6.0,0.0,7.0,0.0,0.0,0.0,0.0,0.0,0.0,0.0,0.0,0.0]}
711651718	1595488560511	{"acc":3,"vals":[170.0,0.0,0.0,0.0,6.0,0.0,7.0,0.0,0.0,0.0,0.0,0.0,0.0,0.0,0.0,0.0]}
711651770	1595488560562	{"acc":3,"vals":[170.0,0.0,0.0,0.0,6.0,0.0,7.0,0.0,0.0,0.0,0.0,0.0,0.0,0.0,0.0,0.0]}
711651823	1595488560616	{"acc":3,"vals":[174.0,0.0,0.0,0.0,6.0,0.0,7.0,0.0,0.0,0.0,0.0,0.0,0.0,0.0,0.0,0.0]}
711651876	1595488560669	{"acc":3,"vals":[169.0,0.0,0.0,0.0,5.0,0.0,7.0,0.0,0.0,0.0,0.0,0.0,0.0,0.0,0.0,0.0]}
711651928	1595488560721	{"acc":3,"vals":[157.0,0.0,0.0,0.0,5.0,0.0,7.0,0.0,0.0,0.0,0.0,0.0,0.0,0.0,0.0,0.0]}
711651981	1595488560773	{"acc":3,"vals":[153.0,0.0,0.0,0.0,5.0,0.0,7.0,0.0,0.0,0.0,0.0,0.0,0.0,0.0,0.0,0.0]}
711652034	1595488560826	{"acc":3,"vals":[153.0,0.0,0.0,0.0,5.0,0.0,7.0,0.0,0.0,0.0,0.0,0.0,0.0,0.0,0.0,0.0]}
711652086	1595488560879	{"acc":3,"vals":[153.0,0.0,0.0,0.0,5.0,0.0,7.0,0.0,0.0,0.0,0.0,0.0,0.0,0.0,0.0,0.0]}
711652139	1595488560932	{"acc":3,"vals":[157.0,0.0,0.0,0.0,5.0,0.0,7.0,0.0,0.0,0.0,0.0,0.0,0.0,0.0,0.0,0.0]}
711652191	1595488560983	{"acc":3,"vals":[161.0,0.0,0.0,0.0,5.0,0.0,7.0,0.0,0.0,0.0,0.0,0.0,0.0,0.0,0.0,0.0]}
711652244	1595488561036	{"acc":3,"vals":[161.0,0.0,0.0,0.0,5.0,0.0,7.0,0.0,0.0,0.0,0.0,0.0,0.0,0.0,0.0,0.0]}
711652297	1595488561090	{"acc":3,"vals":[165.0,0.0,0.0,0.0,5.0,0.0,7.0,0.0,0.0,0.0,0.0,0.0,0.0,0.0,0.0,0.0]}
711652349	1595488561141	{"acc":3,"vals":[166.0,0.0,0.0,0.0,6.0,0.0,7.0,0.0,0.0,0.0,0.0,0.0,0.0,0.0,0.0,0.0]}
711652402	1595488561195	{"acc":3,"vals":[170.0,0.0,0.0,0.0,6.0,0.0,7.0,0.0,0.0,0.0,0.0,0.0,0.0,0.0,0.0,0.0]}
711652455	1595488561247	{"acc":3,"vals":[170.0,0.0,0.0,0.0,6.0,0.0,7.0,0.0,0.0,0.0,0.0,0.0,0.0,0.0,0.0,0.0]}
711652507	1595488561300	{"acc":3,"vals":[170.0,0.0,0.0,0.0,6.0,0.0,7.0,0.0,0.0,0.0,0.0,0.0,0.0,0.0,0.0,0.0]}
711652560	1595488561352	{"acc":3,"vals":[166.0,0.0,0.0,0.0,6.0,0.0,7.0,0.0,0.0,0.0,0.0,0.0,0.0,0.0,0.0,0.0]}
711652613	1595488561406	{"acc":3,"vals":[170.0,0.0,0.0,0.0,6.0,0.0,7.0,0.0,0.0,0.0,0.0,0.0,0.0,0.0,0.0,0.0]}
711652665	1595488561458	{"acc":3,"vals":[174.0,0.0,0.0,0.0,6.0,0.0,7.0,0.0,0.0,0.0,0.0,0.0,0.0,0.0,0.0,0.0]}
711652717	1595488561510	{"acc":3,"vals":[178.0,0.0,0.0,0.0,6.0,0.0,7.0,0.0,0.0,0.0,0.0,0.0,0.0,0.0,0.0,0.0]}
711652770	1595488561563	{"acc":3,"vals":[174.0,0.0,0.0,0.0,6.0,0.0,7.0,0.0,0.0,0.0,0.0,0.0,0.0,0.0,0.0,0.0]}
711652822	1595488561614	{"acc":3,"vals":[166.0,0.0,0.0,0.0,6.0,0.0,7.0,0.0,0.0,0.0,0.0,0.0,0.0,0.0,0.0,0.0]}
711652875	1595488561667	{"acc":3,"vals":[162.0,0.0,0.0,0.0,6.0,0.0,7.0,0.0,0.0,0.0,0.0,0.0,0.0,0.0,0.0,0.0]}
711652928	1595488561720	{"acc":3,"vals":[166.0,0.0,0.0,0.0,6.0,0.0,7.0,0.0,0.0,0.0,0.0,0.0,0.0,0.0,0.0,0.0]}
711652980	1595488561772	{"acc":3,"vals":[162.0,0.0,0.0,0.0,6.0,0.0,7.0,0.0,0.0,0.0,0.0,0.0,0.0,0.0,0.0,0.0]}
711653033	1595488561825	{"acc":3,"vals":[162.0,0.0,0.0,0.0,6.0,0.0,7.0,0.0,0.0,0.0,0.0,0.0,0.0,0.0,0.0,0.0]}
711653085	1595488561877	{"acc":3,"vals":[162.0,0.0,0.0,0.0,6.0,0.0,7.0,0.0,0.0,0.0,0.0,0.0,0.0,0.0,0.0,0.0]}
711653138	1595488561931	{"acc":3,"vals":[162.0,0.0,0.0,0.0,6.0,0.0,7.0,0.0,0.0,0.0,0.0,0.0,0.0,0.0,0.0,0.0]}
711653191	1595488561984	{"acc":3,"vals":[158.0,0.0,0.0,0.0,6.0,0.0,7.0,0.0,0.0,0.0,0.0,0.0,0.0,0.0,0.0,0.0]}
711653243	1595488562035	{"acc":3,"vals":[158.0,0.0,0.0,0.0,6.0,0.0,7.0,0.0,0.0,0.0,0.0,0.0,0.0,0.0,0.0,0.0]}
711653296	1595488562089	{"acc":3,"vals":[154.0,0.0,0.0,0.0,6.0,0.0,7.0,0.0,0.0,0.0,0.0,0.0,0.0,0.0,0.0,0.0]}
711653349	1595488562141	{"acc":3,"vals":[150.0,0.0,0.0,0.0,6.0,0.0,7.0,0.0,0.0,0.0,0.0,0.0,0.0,0.0,0.0,0.0]}
711653401	1595488562194	{"acc":3,"vals":[146.0,0.0,0.0,0.0,6.0,0.0,7.0,0.0,0.0,0.0,0.0,0.0,0.0,0.0,0.0,0.0]}
711653454	1595488562247	{"acc":3,"vals":[150.0,0.0,0.0,0.0,6.0,0.0,7.0,0.0,0.0,0.0,0.0,0.0,0.0,0.0,0.0,0.0]}
711653507	1595488562299	{"acc":3,"vals":[154.0,0.0,0.0,0.0,6.0,0.0,7.0,0.0,0.0,0.0,0.0,0.0,0.0,0.0,0.0,0.0]}
711653559	1595488562352	{"acc":3,"vals":[150.0,0.0,0.0,0.0,6.0,0.0,7.0,0.0,0.0,0.0,0.0,0.0,0.0,0.0,0.0,0.0]}
711653612	1595488562404	{"acc":3,"vals":[150.0,0.0,0.0,0.0,6.0,0.0,7.0,0.0,0.0,0.0,0.0,0.0,0.0,0.0,0.0,0.0]}
711653665	1595488562457	{"acc":3,"vals":[158.0,0.0,0.0,0.0,6.0,0.0,7.0,0.0,0.0,0.0,0.0,0.0,0.0,0.0,0.0,0.0]}
711653717	1595488562510	{"acc":3,"vals":[170.0,0.0,0.0,0.0,6.0,0.0,7.0,0.0,0.0,0.0,0.0,0.0,0.0,0.0,0.0,0.0]}
711653770	1595488562563	{"acc":3,"vals":[170.0,0.0,0.0,0.0,6.0,0.0,7.0,0.0,0.0,0.0,0.0,0.0,0.0,0.0,0.0,0.0]}
711653822	1595488562615	{"acc":3,"vals":[175.0,0.0,0.0,0.0,7.0,0.0,7.0,0.0,0.0,0.0,0.0,0.0,0.0,0.0,0.0,0.0]}
711653875	1595488562667	{"acc":3,"vals":[195.0,0.0,0.0,0.0,7.0,0.0,7.0,0.0,0.0,0.0,0.0,0.0,0.0,0.0,0.0,0.0]}
711653928	1595488562721	{"acc":3,"vals":[199.0,0.0,0.0,0.0,7.0,0.0,7.0,0.0,0.0,0.0,0.0,0.0,0.0,0.0,0.0,0.0]}
711653980	1595488562773	{"acc":3,"vals":[179.0,0.0,0.0,0.0,7.0,0.0,7.0,0.0,0.0,0.0,0.0,0.0,0.0,0.0,0.0,0.0]}
711654033	1595488562826	{"acc":3,"vals":[170.0,0.0,0.0,0.0,6.0,0.0,7.0,0.0,0.0,0.0,0.0,0.0,0.0,0.0,0.0,0.0]}
711654085	1595488562878	{"acc":3,"vals":[162.0,0.0,0.0,0.0,6.0,0.0,7.0,0.0,0.0,0.0,0.0,0.0,0.0,0.0,0.0,0.0]}
711654137	1595488562929	{"acc":3,"vals":[166.0,0.0,0.0,0.0,6.0,0.0,7.0,0.0,0.0,0.0,0.0,0.0,0.0,0.0,0.0,0.0]}
711654190	1595488562983	{"acc":3,"vals":[170.0,0.0,0.0,0.0,6.0,0.0,7.0,0.0,0.0,0.0,0.0,0.0,0.0,0.0,0.0,0.0]}
711654243	1595488563035	{"acc":3,"vals":[166.0,0.0,0.0,0.0,6.0,0.0,7.0,0.0,0.0,0.0,0.0,0.0,0.0,0.0,0.0,0.0]}
711654295	1595488563088	{"acc":3,"vals":[178.0,0.0,0.0,0.0,6.0,0.0,7.0,0.0,0.0,0.0,0.0,0.0,0.0,0.0,0.0,0.0]}
711654348	1595488563141	{"acc":3,"vals":[179.0,0.0,0.0,0.0,7.0,0.0,7.0,0.0,0.0,0.0,0.0,0.0,0.0,0.0,0.0,0.0]}
711654401	1595488563194	{"acc":3,"vals":[174.0,0.0,0.0,0.0,6.0,0.0,7.0,0.0,0.0,0.0,0.0,0.0,0.0,0.0,0.0,0.0]}
711654453	1595488563245	{"acc":3,"vals":[170.0,0.0,0.0,0.0,6.0,0.0,7.0,0.0,0.0,0.0,0.0,0.0,0.0,0.0,0.0,0.0]}
711654506	1595488563298	{"acc":3,"vals":[174.0,0.0,0.0,0.0,6.0,0.0,7.0,0.0,0.0,0.0,0.0,0.0,0.0,0.0,0.0,0.0]}
711654559	1595488563352	{"acc":3,"vals":[183.0,0.0,0.0,0.0,7.0,0.0,7.0,0.0,0.0,0.0,0.0,0.0,0.0,0.0,0.0,0.0]}
711654611	1595488563404	{"acc":3,"vals":[187.0,0.0,0.0,0.0,7.0,0.0,7.0,0.0,0.0,0.0,0.0,0.0,0.0,0.0,0.0,0.0]}
711654664	1595488563456	{"acc":3,"vals":[187.0,0.0,0.0,0.0,7.0,0.0,7.0,0.0,0.0,0.0,0.0,0.0,0.0,0.0,0.0,0.0]}
711654716	1595488563508	{"acc":3,"vals":[200.0,0.0,0.0,0.0,8.0,0.0,7.0,0.0,0.0,0.0,0.0,0.0,0.0,0.0,0.0,0.0]}
711654769	1595488563562	{"acc":3,"vals":[216.0,0.0,0.0,0.0,8.0,0.0,7.0,0.0,0.0,0.0,0.0,0.0,0.0,0.0,0.0,0.0]}
711654822	1595488563614	{"acc":3,"vals":[200.0,0.0,0.0,0.0,8.0,0.0,7.0,0.0,0.0,0.0,0.0,0.0,0.0,0.0,0.0,0.0]}
711654874	1595488563666	{"acc":3,"vals":[187.0,0.0,0.0,0.0,7.0,0.0,7.0,0.0,0.0,0.0,0.0,0.0,0.0,0.0,0.0,0.0]}
711654927	1595488563720	{"acc":3,"vals":[187.0,0.0,0.0,0.0,7.0,0.0,7.0,0.0,0.0,0.0,0.0,0.0,0.0,0.0,0.0,0.0]}
711654980	1595488563772	{"acc":3,"vals":[192.0,0.0,0.0,0.0,8.0,0.0,7.0,0.0,0.0,0.0,0.0,0.0,0.0,0.0,0.0,0.0]}
711655032	1595488563824	{"acc":3,"vals":[192.0,0.0,0.0,0.0,8.0,0.0,7.0,0.0,0.0,0.0,0.0,0.0,0.0,0.0,0.0,0.0]}
711655085	1595488563878	{"acc":3,"vals":[188.0,0.0,0.0,0.0,8.0,0.0,7.0,0.0,0.0,0.0,0.0,0.0,0.0,0.0,0.0,0.0]}
711655138	1595488563931	{"acc":3,"vals":[188.0,0.0,0.0,0.0,8.0,0.0,7.0,0.0,0.0,0.0,0.0,0.0,0.0,0.0,0.0,0.0]}
711655190	1595488563982	{"acc":3,"vals":[192.0,0.0,0.0,0.0,8.0,0.0,7.0,0.0,0.0,0.0,0.0,0.0,0.0,0.0,0.0,0.0]}
711655243	1595488564035	{"acc":3,"vals":[196.0,0.0,0.0,0.0,8.0,0.0,7.0,0.0,0.0,0.0,0.0,0.0,0.0,0.0,0.0,0.0]}
711655296	1595488564089	{"acc":3,"vals":[196.0,0.0,0.0,0.0,8.0,0.0,7.0,0.0,0.0,0.0,0.0,0.0,0.0,0.0,0.0,0.0]}
711655348	1595488564140	{"acc":3,"vals":[196.0,0.0,0.0,0.0,8.0,0.0,7.0,0.0,0.0,0.0,0.0,0.0,0.0,0.0,0.0,0.0]}
711655400	1595488564192	{"acc":3,"vals":[192.0,0.0,0.0,0.0,8.0,0.0,7.0,0.0,0.0,0.0,0.0,0.0,0.0,0.0,0.0,0.0]}
711655453	1595488564246	{"acc":3,"vals":[188.0,0.0,0.0,0.0,8.0,0.0,7.0,0.0,0.0,0.0,0.0,0.0,0.0,0.0,0.0,0.0]}
711655505	1595488564297	{"acc":3,"vals":[184.0,0.0,0.0,0.0,8.0,0.0,7.0,0.0,0.0,0.0,0.0,0.0,0.0,0.0,0.0,0.0]}
711655558	1595488564351	{"acc":3,"vals":[188.0,0.0,0.0,0.0,8.0,0.0,7.0,0.0,0.0,0.0,0.0,0.0,0.0,0.0,0.0,0.0]}
711655610	1595488564402	{"acc":3,"vals":[188.0,0.0,0.0,0.0,8.0,0.0,7.0,0.0,0.0,0.0,0.0,0.0,0.0,0.0,0.0,0.0]}
711655663	1595488564455	{"acc":3,"vals":[184.0,0.0,0.0,0.0,8.0,0.0,7.0,0.0,0.0,0.0,0.0,0.0,0.0,0.0,0.0,0.0]}
711655716	1595488564508	{"acc":3,"vals":[184.0,0.0,0.0,0.0,8.0,0.0,7.0,0.0,0.0,0.0,0.0,0.0,0.0,0.0,0.0,0.0]}
711655768	1595488564560	{"acc":3,"vals":[184.0,0.0,0.0,0.0,8.0,0.0,7.0,0.0,0.0,0.0,0.0,0.0,0.0,0.0,0.0,0.0]}
711655821	1595488564614	{"acc":3,"vals":[184.0,0.0,0.0,0.0,8.0,0.0,7.0,0.0,0.0,0.0,0.0,0.0,0.0,0.0,0.0,0.0]}
711655874	1595488564666	{"acc":3,"vals":[184.0,0.0,0.0,0.0,8.0,0.0,7.0,0.0,0.0,0.0,0.0,0.0,0.0,0.0,0.0,0.0]}
711655926	1595488564718	{"acc":3,"vals":[184.0,0.0,0.0,0.0,8.0,0.0,7.0,0.0,0.0,0.0,0.0,0.0,0.0,0.0,0.0,0.0]}
711655979	1595488564771	{"acc":3,"vals":[180.0,0.0,0.0,0.0,8.0,0.0,7.0,0.0,0.0,0.0,0.0,0.0,0.0,0.0,0.0,0.0]}
711656032	1595488564825	{"acc":3,"vals":[188.0,0.0,0.0,0.0,8.0,0.0,7.0,0.0,0.0,0.0,0.0,0.0,0.0,0.0,0.0,0.0]}
711656084	1595488564877	{"acc":3,"vals":[188.0,0.0,0.0,0.0,8.0,0.0,7.0,0.0,0.0,0.0,0.0,0.0,0.0,0.0,0.0,0.0]}
711656137	1595488564930	{"acc":3,"vals":[192.0,0.0,0.0,0.0,8.0,0.0,7.0,0.0,0.0,0.0,0.0,0.0,0.0,0.0,0.0,0.0]}
711656190	1595488564983	{"acc":3,"vals":[188.0,0.0,0.0,0.0,8.0,0.0,7.0,0.0,0.0,0.0,0.0,0.0,0.0,0.0,0.0,0.0]}
711656242	1595488565035	{"acc":3,"vals":[188.0,0.0,0.0,0.0,8.0,0.0,7.0,0.0,0.0,0.0,0.0,0.0,0.0,0.0,0.0,0.0]}
711656295	1595488565087	{"acc":3,"vals":[192.0,0.0,0.0,0.0,8.0,0.0,7.0,0.0,0.0,0.0,0.0,0.0,0.0,0.0,0.0,0.0]}
711656347	1595488565139	{"acc":3,"vals":[196.0,0.0,0.0,0.0,8.0,0.0,7.0,0.0,0.0,0.0,0.0,0.0,0.0,0.0,0.0,0.0]}
711656400	1595488565192	{"acc":3,"vals":[200.0,0.0,0.0,0.0,8.0,0.0,7.0,0.0,0.0,0.0,0.0,0.0,0.0,0.0,0.0,0.0]}
711656453	1595488565246	{"acc":3,"vals":[196.0,0.0,0.0,0.0,8.0,0.0,7.0,0.0,0.0,0.0,0.0,0.0,0.0,0.0,0.0,0.0]}
711656505	1595488565297	{"acc":3,"vals":[196.0,0.0,0.0,0.0,8.0,0.0,7.0,0.0,0.0,0.0,0.0,0.0,0.0,0.0,0.0,0.0]}
711656558	1595488565351	{"acc":3,"vals":[196.0,0.0,0.0,0.0,8.0,0.0,7.0,0.0,0.0,0.0,0.0,0.0,0.0,0.0,0.0,0.0]}
711656611	1595488565404	{"acc":3,"vals":[192.0,0.0,0.0,0.0,8.0,0.0,7.0,0.0,0.0,0.0,0.0,0.0,0.0,0.0,0.0,0.0]}
711656716	1595488565508	{"acc":3,"vals":[196.0,0.0,0.0,0.0,8.0,0.0,7.0,0.0,0.0,0.0,0.0,0.0,0.0,0.0,0.0,0.0]}
711656768	1595488565561	{"acc":3,"vals":[201.0,0.0,0.0,0.0,9.0,0.0,7.0,0.0,0.0,0.0,0.0,0.0,0.0,0.0,0.0,0.0]}
711656821	1595488565614	{"acc":3,"vals":[205.0,0.0,0.0,0.0,9.0,0.0,7.0,0.0,0.0,0.0,0.0,0.0,0.0,0.0,0.0,0.0]}
711656873	1595488565665	{"acc":3,"vals":[205.0,0.0,0.0,0.0,9.0,0.0,7.0,0.0,0.0,0.0,0.0,0.0,0.0,0.0,0.0,0.0]}
711656926	1595488565719	{"acc":3,"vals":[210.0,0.0,0.0,0.0,10.0,0.0,7.0,0.0,0.0,0.0,0.0,0.0,0.0,0.0,0.0,0.0]}
711656978	1595488565770	{"acc":3,"vals":[222.0,0.0,0.0,0.0,10.0,0.0,7.0,0.0,0.0,0.0,0.0,0.0,0.0,0.0,0.0,0.0]}
711657031	1595488565823	{"acc":3,"vals":[226.0,0.0,0.0,0.0,10.0,0.0,7.0,0.0,0.0,0.0,0.0,0.0,0.0,0.0,0.0,0.0]}
711657083	1595488565875	{"acc":3,"vals":[226.0,0.0,0.0,0.0,10.0,0.0,7.0,0.0,0.0,0.0,0.0,0.0,0.0,0.0,0.0,0.0]}
711657136	1595488565928	{"acc":3,"vals":[222.0,0.0,0.0,0.0,10.0,0.0,7.0,0.0,0.0,0.0,0.0,0.0,0.0,0.0,0.0,0.0]}
711657189	1595488565982	{"acc":3,"vals":[226.0,0.0,0.0,0.0,10.0,0.0,7.0,0.0,0.0,0.0,0.0,0.0,0.0,0.0,0.0,0.0]}
711657241	1595488566034	{"acc":3,"vals":[226.0,0.0,0.0,0.0,10.0,0.0,7.0,0.0,0.0,0.0,0.0,0.0,0.0,0.0,0.0,0.0]}
711657294	1595488566086	{"acc":3,"vals":[226.0,0.0,0.0,0.0,10.0,0.0,7.0,0.0,0.0,0.0,0.0,0.0,0.0,0.0,0.0,0.0]}
711657347	1595488566140	{"acc":3,"vals":[226.0,0.0,0.0,0.0,10.0,0.0,7.0,0.0,0.0,0.0,0.0,0.0,0.0,0.0,0.0,0.0]}
711657399	1595488566192	{"acc":3,"vals":[222.0,0.0,0.0,0.0,10.0,0.0,7.0,0.0,0.0,0.0,0.0,0.0,0.0,0.0,0.0,0.0]}
711657452	1595488566244	{"acc":3,"vals":[218.0,0.0,0.0,0.0,10.0,0.0,7.0,0.0,0.0,0.0,0.0,0.0,0.0,0.0,0.0,0.0]}
711657505	1595488566298	{"acc":3,"vals":[214.0,0.0,0.0,0.0,10.0,0.0,7.0,0.0,0.0,0.0,0.0,0.0,0.0,0.0,0.0,0.0]}
711657557	1595488566349	{"acc":3,"vals":[214.0,0.0,0.0,0.0,10.0,0.0,7.0,0.0,0.0,0.0,0.0,0.0,0.0,0.0,0.0,0.0]}
711657610	1595488566402	{"acc":3,"vals":[218.0,0.0,0.0,0.0,10.0,0.0,7.0,0.0,0.0,0.0,0.0,0.0,0.0,0.0,0.0,0.0]}
711657663	1595488566455	{"acc":3,"vals":[218.0,0.0,0.0,0.0,10.0,0.0,7.0,0.0,0.0,0.0,0.0,0.0,0.0,0.0,0.0,0.0]}
711657715	1595488566508	{"acc":3,"vals":[218.0,0.0,0.0,0.0,10.0,0.0,7.0,0.0,0.0,0.0,0.0,0.0,0.0,0.0,0.0,0.0]}
711657768	1595488566561	{"acc":3,"vals":[218.0,0.0,0.0,0.0,10.0,0.0,7.0,0.0,0.0,0.0,0.0,0.0,0.0,0.0,0.0,0.0]}
711657821	1595488566614	{"acc":3,"vals":[215.0,0.0,0.0,0.0,11.0,0.0,7.0,0.0,0.0,0.0,0.0,0.0,0.0,0.0,0.0,0.0]}
711657873	1595488566666	{"acc":3,"vals":[215.0,0.0,0.0,0.0,11.0,0.0,7.0,0.0,0.0,0.0,0.0,0.0,0.0,0.0,0.0,0.0]}
711657926	1595488566719	{"acc":3,"vals":[215.0,0.0,0.0,0.0,11.0,0.0,7.0,0.0,0.0,0.0,0.0,0.0,0.0,0.0,0.0,0.0]}
711657978	1595488566771	{"acc":3,"vals":[219.0,0.0,0.0,0.0,11.0,0.0,7.0,0.0,0.0,0.0,0.0,0.0,0.0,0.0,0.0,0.0]}
711658031	1595488566823	{"acc":3,"vals":[227.0,0.0,0.0,0.0,11.0,0.0,7.0,0.0,0.0,0.0,0.0,0.0,0.0,0.0,0.0,0.0]}
711659714	1595488568507	{"acc":3,"vals":[257.0,0.0,0.0,0.0,13.0,0.0,7.0,0.0,0.0,0.0,0.0,0.0,0.0,0.0,0.0,0.0]}
711659766	1595488568559	{"acc":3,"vals":[261.0,0.0,0.0,0.0,13.0,0.0,7.0,0.0,0.0,0.0,0.0,0.0,0.0,0.0,0.0,0.0]}
711659819	1595488568612	{"acc":3,"vals":[265.0,0.0,0.0,0.0,13.0,0.0,7.0,0.0,0.0,0.0,0.0,0.0,0.0,0.0,0.0,0.0]}
711659872	1595488568665	{"acc":3,"vals":[265.0,0.0,0.0,0.0,13.0,0.0,7.0,0.0,0.0,0.0,0.0,0.0,0.0,0.0,0.0,0.0]}
711659924	1595488568716	{"acc":3,"vals":[265.0,0.0,0.0,0.0,13.0,0.0,7.0,0.0,0.0,0.0,0.0,0.0,0.0,0.0,0.0,0.0]}
711659977	1595488568770	{"acc":3,"vals":[261.0,0.0,0.0,0.0,13.0,0.0,7.0,0.0,0.0,0.0,0.0,0.0,0.0,0.0,0.0,0.0]}
711660030	1595488568823	{"acc":3,"vals":[257.0,0.0,0.0,0.0,13.0,0.0,7.0,0.0,0.0,0.0,0.0,0.0,0.0,0.0,0.0,0.0]}
711660082	1595488568874	{"acc":3,"vals":[253.0,0.0,0.0,0.0,13.0,0.0,7.0,0.0,0.0,0.0,0.0,0.0,0.0,0.0,0.0,0.0]}
711660135	1595488568928	{"acc":3,"vals":[253.0,0.0,0.0,0.0,13.0,0.0,7.0,0.0,0.0,0.0,0.0,0.0,0.0,0.0,0.0,0.0]}
711660188	1595488568980	{"acc":3,"vals":[253.0,0.0,0.0,0.0,13.0,0.0,7.0,0.0,0.0,0.0,0.0,0.0,0.0,0.0,0.0,0.0]}
711660240	1595488569033	{"acc":3,"vals":[254.0,0.0,0.0,0.0,14.0,0.0,7.0,0.0,0.0,0.0,0.0,0.0,0.0,0.0,0.0,0.0]}
711660293	1595488569085	{"acc":3,"vals":[258.0,0.0,0.0,0.0,14.0,0.0,7.0,0.0,0.0,0.0,0.0,0.0,0.0,0.0,0.0,0.0]}
711660345	1595488569137	{"acc":3,"vals":[258.0,0.0,0.0,0.0,14.0,0.0,7.0,0.0,0.0,0.0,0.0,0.0,0.0,0.0,0.0,0.0]}
711660398	1595488569190	{"acc":3,"vals":[258.0,0.0,0.0,0.0,14.0,0.0,7.0,0.0,0.0,0.0,0.0,0.0,0.0,0.0,0.0,0.0]}
711660451	1595488569243	{"acc":3,"vals":[258.0,0.0,0.0,0.0,14.0,0.0,7.0,0.0,0.0,0.0,0.0,0.0,0.0,0.0,0.0,0.0]}
711660503	1595488569295	{"acc":3,"vals":[258.0,0.0,0.0,0.0,14.0,0.0,7.0,0.0,0.0,0.0,0.0,0.0,0.0,0.0,0.0,0.0]}
711660556	1595488569348	{"acc":3,"vals":[262.0,0.0,0.0,0.0,14.0,0.0,7.0,0.0,0.0,0.0,0.0,0.0,0.0,0.0,0.0,0.0]}
711660609	1595488569402	{"acc":3,"vals":[262.0,0.0,0.0,0.0,14.0,0.0,7.0,0.0,0.0,0.0,0.0,0.0,0.0,0.0,0.0,0.0]}
711660661	1595488569454	{"acc":3,"vals":[262.0,0.0,0.0,0.0,14.0,0.0,7.0,0.0,0.0,0.0,0.0,0.0,0.0,0.0,0.0,0.0]}
711660714	1595488569506	{"acc":3,"vals":[262.0,0.0,0.0,0.0,14.0,0.0,7.0,0.0,0.0,0.0,0.0,0.0,0.0,0.0,0.0,0.0]}
711660766	1595488569559	{"acc":3,"vals":[258.0,0.0,0.0,0.0,14.0,0.0,7.0,0.0,0.0,0.0,0.0,0.0,0.0,0.0,0.0,0.0]}
711660819	1595488569611	{"acc":3,"vals":[262.0,0.0,0.0,0.0,14.0,0.0,7.0,0.0,0.0,0.0,0.0,0.0,0.0,0.0,0.0,0.0]}
711660871	1595488569663	{"acc":3,"vals":[266.0,0.0,0.0,0.0,14.0,0.0,7.0,0.0,0.0,0.0,0.0,0.0,0.0,0.0,0.0,0.0]}
711660924	1595488569717	{"acc":3,"vals":[266.0,0.0,0.0,0.0,14.0,0.0,7.0,0.0,0.0,0.0,0.0,0.0,0.0,0.0,0.0,0.0]}
711660976	1595488569769	{"acc":3,"vals":[267.0,0.0,0.0,0.0,15.0,0.0,7.0,0.0,0.0,0.0,0.0,0.0,0.0,0.0,0.0,0.0]}
711661029	1595488569822	{"acc":3,"vals":[267.0,0.0,0.0,0.0,15.0,0.0,7.0,0.0,0.0,0.0,0.0,0.0,0.0,0.0,0.0,0.0]}
711661081	1595488569874	{"acc":3,"vals":[267.0,0.0,0.0,0.0,15.0,0.0,7.0,0.0,0.0,0.0,0.0,0.0,0.0,0.0,0.0,0.0]}
711661134	1595488569927	{"acc":3,"vals":[267.0,0.0,0.0,0.0,15.0,0.0,7.0,0.0,0.0,0.0,0.0,0.0,0.0,0.0,0.0,0.0]}
711661187	1595488569979	{"acc":3,"vals":[267.0,0.0,0.0,0.0,15.0,0.0,7.0,0.0,0.0,0.0,0.0,0.0,0.0,0.0,0.0,0.0]}
711661239	1595488570031	{"acc":3,"vals":[266.0,0.0,0.0,0.0,14.0,0.0,7.0,0.0,0.0,0.0,0.0,0.0,0.0,0.0,0.0,0.0]}
711661292	1595488570084	{"acc":3,"vals":[266.0,0.0,0.0,0.0,14.0,0.0,7.0,0.0,0.0,0.0,0.0,0.0,0.0,0.0,0.0,0.0]}
711661345	1595488570137	{"acc":3,"vals":[266.0,0.0,0.0,0.0,14.0,0.0,7.0,0.0,0.0,0.0,0.0,0.0,0.0,0.0,0.0,0.0]}
711661397	1595488570190	{"acc":3,"vals":[266.0,0.0,0.0,0.0,14.0,0.0,7.0,0.0,0.0,0.0,0.0,0.0,0.0,0.0,0.0,0.0]}
711661450	1595488570242	{"acc":3,"vals":[262.0,0.0,0.0,0.0,14.0,0.0,7.0,0.0,0.0,0.0,0.0,0.0,0.0,0.0,0.0,0.0]}
711661503	1595488570295	{"acc":3,"vals":[262.0,0.0,0.0,0.0,14.0,0.0,7.0,0.0,0.0,0.0,0.0,0.0,0.0,0.0,0.0,0.0]}
711661555	1595488570347	{"acc":3,"vals":[262.0,0.0,0.0,0.0,14.0,0.0,7.0,0.0,0.0,0.0,0.0,0.0,0.0,0.0,0.0,0.0]}
711661608	1595488570401	{"acc":3,"vals":[258.0,0.0,0.0,0.0,14.0,0.0,7.0,0.0,0.0,0.0,0.0,0.0,0.0,0.0,0.0,0.0]}
711661661	1595488570453	{"acc":3,"vals":[262.0,0.0,0.0,0.0,14.0,0.0,7.0,0.0,0.0,0.0,0.0,0.0,0.0,0.0,0.0,0.0]}
711661713	1595488570505	{"acc":3,"vals":[262.0,0.0,0.0,0.0,14.0,0.0,7.0,0.0,0.0,0.0,0.0,0.0,0.0,0.0,0.0,0.0]}
711661766	1595488570558	{"acc":3,"vals":[262.0,0.0,0.0,0.0,14.0,0.0,7.0,0.0,0.0,0.0,0.0,0.0,0.0,0.0,0.0,0.0]}
711661819	1595488570611	{"acc":3,"vals":[262.0,0.0,0.0,0.0,14.0,0.0,7.0,0.0,0.0,0.0,0.0,0.0,0.0,0.0,0.0,0.0]}
711661871	1595488570664	{"acc":3,"vals":[267.0,0.0,0.0,0.0,15.0,0.0,7.0,0.0,0.0,0.0,0.0,0.0,0.0,0.0,0.0,0.0]}
711661924	1595488570716	{"acc":3,"vals":[271.0,0.0,0.0,0.0,15.0,0.0,7.0,0.0,0.0,0.0,0.0,0.0,0.0,0.0,0.0,0.0]}
711661976	1595488570768	{"acc":3,"vals":[271.0,0.0,0.0,0.0,15.0,0.0,7.0,0.0,0.0,0.0,0.0,0.0,0.0,0.0,0.0,0.0]}
711662029	1595488570822	{"acc":3,"vals":[271.0,0.0,0.0,0.0,15.0,0.0,7.0,0.0,0.0,0.0,0.0,0.0,0.0,0.0,0.0,0.0]}
711662081	1595488570874	{"acc":3,"vals":[275.0,0.0,0.0,0.0,15.0,0.0,7.0,0.0,0.0,0.0,0.0,0.0,0.0,0.0,0.0,0.0]}
711662133	1595488570925	{"acc":3,"vals":[279.0,0.0,0.0,0.0,15.0,0.0,7.0,0.0,0.0,0.0,0.0,0.0,0.0,0.0,0.0,0.0]}
711662186	1595488570979	{"acc":3,"vals":[275.0,0.0,0.0,0.0,15.0,0.0,7.0,0.0,0.0,0.0,0.0,0.0,0.0,0.0,0.0,0.0]}
711662239	1595488571031	{"acc":3,"vals":[272.0,0.0,0.0,0.0,16.0,0.0,7.0,0.0,0.0,0.0,0.0,0.0,0.0,0.0,0.0,0.0]}
711662291	1595488571084	{"acc":3,"vals":[272.0,0.0,0.0,0.0,16.0,0.0,7.0,0.0,0.0,0.0,0.0,0.0,0.0,0.0,0.0,0.0]}
711662344	1595488571136	{"acc":3,"vals":[272.0,0.0,0.0,0.0,16.0,0.0,7.0,0.0,0.0,0.0,0.0,0.0,0.0,0.0,0.0,0.0]}
711662397	1595488571190	{"acc":3,"vals":[272.0,0.0,0.0,0.0,16.0,0.0,7.0,0.0,0.0,0.0,0.0,0.0,0.0,0.0,0.0,0.0]}
711662449	1595488571242	{"acc":3,"vals":[272.0,0.0,0.0,0.0,16.0,0.0,7.0,0.0,0.0,0.0,0.0,0.0,0.0,0.0,0.0,0.0]}
711662502	1595488571295	{"acc":3,"vals":[269.0,0.0,0.0,0.0,17.0,0.0,7.0,0.0,0.0,0.0,0.0,0.0,0.0,0.0,0.0,0.0]}
711662555	1595488571348	{"acc":3,"vals":[269.0,0.0,0.0,0.0,17.0,0.0,7.0,0.0,0.0,0.0,0.0,0.0,0.0,0.0,0.0,0.0]}
711662607	1595488571400	{"acc":3,"vals":[273.0,0.0,0.0,0.0,17.0,0.0,7.0,0.0,0.0,0.0,0.0,0.0,0.0,0.0,0.0,0.0]}
711662660	1595488571452	{"acc":3,"vals":[277.0,0.0,0.0,0.0,17.0,0.0,7.0,0.0,0.0,0.0,0.0,0.0,0.0,0.0,0.0,0.0]}
711662712	1595488571504	{"acc":3,"vals":[281.0,0.0,0.0,0.0,17.0,0.0,7.0,0.0,0.0,0.0,0.0,0.0,0.0,0.0,0.0,0.0]}
711662765	1595488571557	{"acc":3,"vals":[281.0,0.0,0.0,0.0,17.0,0.0,7.0,0.0,0.0,0.0,0.0,0.0,0.0,0.0,0.0,0.0]}
711662818	1595488571610	{"acc":3,"vals":[285.0,0.0,0.0,0.0,17.0,0.0,7.0,0.0,0.0,0.0,0.0,0.0,0.0,0.0,0.0,0.0]}
711662870	1595488571662	{"acc":3,"vals":[285.0,0.0,0.0,0.0,17.0,0.0,7.0,0.0,0.0,0.0,0.0,0.0,0.0,0.0,0.0,0.0]}
711662923	1595488571716	{"acc":3,"vals":[285.0,0.0,0.0,0.0,17.0,0.0,7.0,0.0,0.0,0.0,0.0,0.0,0.0,0.0,0.0,0.0]}
711662976	1595488571768	{"acc":3,"vals":[285.0,0.0,0.0,0.0,17.0,0.0,7.0,0.0,0.0,0.0,0.0,0.0,0.0,0.0,0.0,0.0]}
711663028	1595488571821	{"acc":3,"vals":[286.0,0.0,0.0,0.0,18.0,0.0,7.0,0.0,0.0,0.0,0.0,0.0,0.0,0.0,0.0,0.0]}
711663081	1595488571873	{"acc":3,"vals":[290.0,0.0,0.0,0.0,18.0,0.0,7.0,0.0,0.0,0.0,0.0,0.0,0.0,0.0,0.0,0.0]}
711663134	1595488571926	{"acc":3,"vals":[290.0,0.0,0.0,0.0,18.0,0.0,7.0,0.0,0.0,0.0,0.0,0.0,0.0,0.0,0.0,0.0]}
711663186	1595488571978	{"acc":3,"vals":[294.0,0.0,0.0,0.0,18.0,0.0,7.0,0.0,0.0,0.0,0.0,0.0,0.0,0.0,0.0,0.0]}
711663238	1595488572030	{"acc":3,"vals":[302.0,0.0,0.0,0.0,18.0,0.0,7.0,0.0,0.0,0.0,0.0,0.0,0.0,0.0,0.0,0.0]}
711663291	1595488572084	{"acc":3,"vals":[307.0,0.0,0.0,0.0,19.0,0.0,7.0,0.0,0.0,0.0,0.0,0.0,0.0,0.0,0.0,0.0]}
711663343	1595488572136	{"acc":3,"vals":[307.0,0.0,0.0,0.0,19.0,0.0,7.0,0.0,0.0,0.0,0.0,0.0,0.0,0.0,0.0,0.0]}
711663396	1595488572188	{"acc":3,"vals":[308.0,0.0,0.0,0.0,20.0,0.0,7.0,0.0,0.0,0.0,0.0,0.0,0.0,0.0,0.0,0.0]}
711663449	1595488572241	{"acc":3,"vals":[312.0,0.0,0.0,0.0,20.0,0.0,7.0,0.0,0.0,0.0,0.0,0.0,0.0,0.0,0.0,0.0]}
711663501	1595488572294	{"acc":3,"vals":[316.0,0.0,0.0,0.0,20.0,0.0,7.0,0.0,0.0,0.0,0.0,0.0,0.0,0.0,0.0,0.0]}
711663554	1595488572346	{"acc":3,"vals":[317.0,0.0,0.0,0.0,21.0,0.0,7.0,0.0,0.0,0.0,0.0,0.0,0.0,0.0,0.0,0.0]}
711663606	1595488572399	{"acc":3,"vals":[321.0,0.0,0.0,0.0,21.0,0.0,7.0,0.0,0.0,0.0,0.0,0.0,0.0,0.0,0.0,0.0]}
711663659	1595488572452	{"acc":3,"vals":[322.0,0.0,0.0,0.0,22.0,0.0,7.0,0.0,0.0,0.0,0.0,0.0,0.0,0.0,0.0,0.0]}
711663712	1595488572505	{"acc":3,"vals":[326.0,0.0,0.0,0.0,22.0,0.0,7.0,0.0,0.0,0.0,0.0,0.0,0.0,0.0,0.0,0.0]}
711663764	1595488572556	{"acc":3,"vals":[330.0,0.0,0.0,0.0,22.0,0.0,7.0,0.0,0.0,0.0,0.0,0.0,0.0,0.0,0.0,0.0]}
711663817	1595488572610	{"acc":3,"vals":[327.0,0.0,0.0,0.0,23.0,0.0,7.0,0.0,0.0,0.0,0.0,0.0,0.0,0.0,0.0,0.0]}
711663870	1595488572663	{"acc":3,"vals":[331.0,0.0,0.0,0.0,23.0,0.0,7.0,0.0,0.0,0.0,0.0,0.0,0.0,0.0,0.0,0.0]}
711663922	1595488572714	{"acc":3,"vals":[332.0,0.0,0.0,0.0,24.0,0.0,7.0,0.0,0.0,0.0,0.0,0.0,0.0,0.0,0.0,0.0]}
711663975	1595488572767	{"acc":3,"vals":[332.0,0.0,0.0,0.0,24.0,0.0,7.0,0.0,0.0,0.0,0.0,0.0,0.0,0.0,0.0,0.0]}
711664028	1595488572820	{"acc":3,"vals":[329.0,0.0,0.0,0.0,25.0,0.0,7.0,0.0,0.0,0.0,0.0,0.0,0.0,0.0,0.0,0.0]}
711664080	1595488572872	{"acc":3,"vals":[333.0,0.0,0.0,0.0,25.0,0.0,7.0,0.0,0.0,0.0,0.0,0.0,0.0,0.0,0.0,0.0]}
711664133	1595488572925	{"acc":3,"vals":[334.0,0.0,0.0,0.0,26.0,0.0,7.0,0.0,0.0,0.0,0.0,0.0,0.0,0.0,0.0,0.0]}
711664186	1595488572979	{"acc":3,"vals":[334.0,0.0,0.0,0.0,26.0,0.0,7.0,0.0,0.0,0.0,0.0,0.0,0.0,0.0,0.0,0.0]}
711664238	1595488573030	{"acc":3,"vals":[331.0,0.0,0.0,0.0,27.0,0.0,7.0,0.0,0.0,0.0,0.0,0.0,0.0,0.0,0.0,0.0]}
711664291	1595488573084	{"acc":3,"vals":[328.0,0.0,0.0,0.0,28.0,0.0,7.0,0.0,0.0,0.0,0.0,0.0,0.0,0.0,0.0,0.0]}
711664343	1595488573135	{"acc":3,"vals":[329.0,0.0,0.0,0.0,29.0,0.0,7.0,0.0,0.0,0.0,0.0,0.0,0.0,0.0,0.0,0.0]}
711664396	1595488573188	{"acc":3,"vals":[333.0,0.0,0.0,0.0,29.0,0.0,7.0,0.0,0.0,0.0,0.0,0.0,0.0,0.0,0.0,0.0]}
711664448	1595488573240	{"acc":3,"vals":[330.0,0.0,0.0,0.0,30.0,0.0,7.0,0.0,0.0,0.0,0.0,0.0,0.0,0.0,0.0,0.0]}
711664500	1595488573293	{"acc":3,"vals":[330.0,0.0,0.0,0.0,30.0,0.0,7.0,0.0,0.0,0.0,0.0,0.0,0.0,0.0,0.0,0.0]}
711664553	1595488573345	{"acc":3,"vals":[331.0,0.0,0.0,0.0,31.0,0.0,7.0,0.0,0.0,0.0,0.0,0.0,0.0,0.0,0.0,0.0]}
711664606	1595488573399	{"acc":3,"vals":[332.0,0.0,0.0,0.0,32.0,0.0,7.0,0.0,0.0,0.0,0.0,0.0,0.0,0.0,0.0,0.0]}
711664658	1595488573451	{"acc":3,"vals":[337.0,0.0,0.0,0.0,33.0,0.0,7.0,0.0,0.0,0.0,0.0,0.0,0.0,0.0,0.0,0.0]}
711664711	1595488573504	{"acc":3,"vals":[338.0,0.0,0.0,0.0,34.0,0.0,7.0,0.0,0.0,0.0,0.0,0.0,0.0,0.0,0.0,0.0]}
711664764	1595488573557	{"acc":3,"vals":[336.0,0.0,0.0,0.0,36.0,0.0,7.0,0.0,0.0,0.0,0.0,0.0,0.0,0.0,0.0,0.0]}
711664816	1595488573609	{"acc":3,"vals":[342.0,0.0,0.0,0.0,38.0,0.0,7.0,0.0,0.0,0.0,0.0,0.0,0.0,0.0,0.0,0.0]}
711664869	1595488573662	{"acc":3,"vals":[346.0,0.0,0.0,0.0,38.0,0.0,7.0,0.0,0.0,0.0,0.0,0.0,0.0,0.0,0.0,0.0]}
711664922	1595488573715	{"acc":3,"vals":[354.0,0.0,0.0,0.0,38.0,0.0,7.0,0.0,0.0,0.0,0.0,0.0,0.0,0.0,0.0,0.0]}
711664974	1595488573766	{"acc":3,"vals":[356.0,0.0,0.0,0.0,40.0,0.0,7.0,0.0,0.0,0.0,0.0,0.0,0.0,0.0,0.0,0.0]}
711665027	1595488573819	{"acc":3,"vals":[361.0,0.0,0.0,0.0,41.0,0.0,7.0,0.0,0.0,0.0,0.0,0.0,0.0,0.0,0.0,0.0]}
711665080	1595488573873	{"acc":3,"vals":[362.0,0.0,0.0,0.0,42.0,0.0,7.0,0.0,0.0,0.0,0.0,0.0,0.0,0.0,0.0,0.0]}
711665132	1595488573924	{"acc":3,"vals":[362.0,0.0,0.0,0.0,42.0,0.0,7.0,0.0,0.0,0.0,0.0,0.0,0.0,0.0,0.0,0.0]}
711665185	1595488573978	{"acc":3,"vals":[361.0,0.0,0.0,0.0,41.0,0.0,7.0,0.0,0.0,0.0,0.0,0.0,0.0,0.0,0.0,0.0]}
711665237	1595488574030	{"acc":3,"vals":[359.0,0.0,0.0,0.0,39.0,0.0,7.0,0.0,0.0,0.0,0.0,0.0,0.0,0.0,0.0,0.0]}
711665290	1595488574082	{"acc":3,"vals":[359.0,0.0,0.0,0.0,39.0,0.0,7.0,0.0,0.0,0.0,0.0,0.0,0.0,0.0,0.0,0.0]}
711665343	1595488574136	{"acc":3,"vals":[366.0,0.0,0.0,0.0,38.0,0.0,7.0,0.0,0.0,0.0,0.0,0.0,0.0,0.0,0.0,0.0]}
711665395	1595488574187	{"acc":3,"vals":[370.0,0.0,0.0,0.0,38.0,0.0,7.0,0.0,0.0,0.0,0.0,0.0,0.0,0.0,0.0,0.0]}
711665448	1595488574240	{"acc":3,"vals":[381.0,0.0,0.0,0.0,37.0,0.0,7.0,0.0,0.0,0.0,0.0,0.0,0.0,0.0,0.0,0.0]}
711665501	1595488574293	{"acc":3,"vals":[389.0,0.0,0.0,0.0,37.0,0.0,7.0,0.0,0.0,0.0,0.0,0.0,0.0,0.0,0.0,0.0]}
711665553	1595488574345	{"acc":3,"vals":[399.0,0.0,0.0,0.0,35.0,0.0,7.0,0.0,0.0,0.0,0.0,0.0,0.0,0.0,0.0,0.0]}
711665605	1595488574398	{"acc":3,"vals":[407.0,0.0,0.0,0.0,35.0,0.0,7.0,0.0,0.0,0.0,0.0,0.0,0.0,0.0,0.0,0.0]}
711665658	1595488574451	{"acc":3,"vals":[412.0,0.0,0.0,0.0,36.0,0.0,7.0,0.0,0.0,0.0,0.0,0.0,0.0,0.0,0.0,0.0]}
711665710	1595488574502	{"acc":3,"vals":[421.0,0.0,0.0,0.0,37.0,0.0,7.0,0.0,0.0,0.0,0.0,0.0,0.0,0.0,0.0,0.0]}
711665763	1595488574555	{"acc":3,"vals":[432.0,0.0,0.0,0.0,40.0,0.0,7.0,0.0,0.0,0.0,0.0,0.0,0.0,0.0,0.0,0.0]}
711665816	1595488574609	{"acc":3,"vals":[437.0,0.0,0.0,0.0,41.0,0.0,7.0,0.0,0.0,0.0,0.0,0.0,0.0,0.0,0.0,0.0]}
711665868	1595488574661	{"acc":3,"vals":[438.0,0.0,0.0,0.0,42.0,0.0,7.0,0.0,0.0,0.0,0.0,0.0,0.0,0.0,0.0,0.0]}
711665921	1595488574714	{"acc":3,"vals":[439.0,0.0,0.0,0.0,43.0,0.0,7.0,0.0,0.0,0.0,0.0,0.0,0.0,0.0,0.0,0.0]}
711665973	1595488574766	{"acc":3,"vals":[441.0,0.0,0.0,0.0,45.0,0.0,7.0,0.0,0.0,0.0,0.0,0.0,0.0,0.0,0.0,0.0]}
711666026	1595488574819	{"acc":3,"vals":[438.0,0.0,0.0,0.0,46.0,0.0,7.0,0.0,0.0,0.0,0.0,0.0,0.0,0.0,0.0,0.0]}
711666079	1595488574872	{"acc":3,"vals":[438.0,0.0,0.0,0.0,46.0,0.0,7.0,0.0,0.0,0.0,0.0,0.0,0.0,0.0,0.0,0.0]}
711666131	1595488574923	{"acc":3,"vals":[439.0,0.0,0.0,0.0,47.0,0.0,7.0,0.0,0.0,0.0,0.0,0.0,0.0,0.0,0.0,0.0]}
711666184	1595488574977	{"acc":3,"vals":[436.0,0.0,0.0,0.0,48.0,0.0,7.0,0.0,0.0,0.0,0.0,0.0,0.0,0.0,0.0,0.0]}
711666237	1595488575029	{"acc":3,"vals":[438.0,0.0,0.0,0.0,50.0,0.0,7.0,0.0,0.0,0.0,0.0,0.0,0.0,0.0,0.0,0.0]}
711666289	1595488575082	{"acc":3,"vals":[436.0,0.0,0.0,0.0,52.0,0.0,7.0,0.0,0.0,0.0,0.0,0.0,0.0,0.0,0.0,0.0]}
711666342	1595488575134	{"acc":3,"vals":[432.0,0.0,0.0,0.0,52.0,0.0,7.0,0.0,0.0,0.0,0.0,0.0,0.0,0.0,0.0,0.0]}
711666395	1595488575187	{"acc":3,"vals":[428.0,0.0,0.0,0.0,52.0,0.0,7.0,0.0,0.0,0.0,0.0,0.0,0.0,0.0,0.0,0.0]}
711666447	1595488575239	{"acc":3,"vals":[424.0,0.0,0.0,0.0,52.0,0.0,7.0,0.0,0.0,0.0,0.0,0.0,0.0,0.0,0.0,0.0]}
711666500	1595488575293	{"acc":3,"vals":[424.0,0.0,0.0,0.0,52.0,0.0,7.0,0.0,0.0,0.0,0.0,0.0,0.0,0.0,0.0,0.0]}
711666553	1595488575345	{"acc":3,"vals":[420.0,0.0,0.0,0.0,52.0,0.0,7.0,0.0,0.0,0.0,0.0,0.0,0.0,0.0,0.0,0.0]}
711666605	1595488575397	{"acc":3,"vals":[423.0,0.0,0.0,0.0,51.0,0.0,7.0,0.0,0.0,0.0,0.0,0.0,0.0,0.0,0.0,0.0]}
711666658	1595488575451	{"acc":3,"vals":[420.0,0.0,0.0,0.0,52.0,0.0,7.0,0.0,0.0,0.0,0.0,0.0,0.0,0.0,0.0,0.0]}
711666710	1595488575503	{"acc":3,"vals":[420.0,0.0,0.0,0.0,52.0,0.0,7.0,0.0,0.0,0.0,0.0,0.0,0.0,0.0,0.0,0.0]}
711666762	1595488575554	{"acc":3,"vals":[421.0,0.0,0.0,0.0,53.0,0.0,7.0,0.0,0.0,0.0,0.0,0.0,0.0,0.0,0.0,0.0]}
711666815	1595488575607	{"acc":3,"vals":[416.0,0.0,0.0,0.0,52.0,0.0,7.0,0.0,0.0,0.0,0.0,0.0,0.0,0.0,0.0,0.0]}
711666867	1595488575659	{"acc":3,"vals":[414.0,0.0,0.0,0.0,54.0,0.0,7.0,0.0,0.0,0.0,0.0,0.0,0.0,0.0,0.0,0.0]}
711666920	1595488575713	{"acc":3,"vals":[416.0,0.0,0.0,0.0,56.0,0.0,7.0,0.0,0.0,0.0,0.0,0.0,0.0,0.0,0.0,0.0]}
711666973	1595488575766	{"acc":3,"vals":[412.0,0.0,0.0,0.0,56.0,0.0,7.0,0.0,0.0,0.0,0.0,0.0,0.0,0.0,0.0,0.0]}
711667025	1595488575818	{"acc":3,"vals":[412.0,0.0,0.0,0.0,56.0,0.0,7.0,0.0,0.0,0.0,0.0,0.0,0.0,0.0,0.0,0.0]}
711667078	1595488575871	{"acc":3,"vals":[411.0,0.0,0.0,0.0,55.0,0.0,7.0,0.0,0.0,0.0,0.0,0.0,0.0,0.0,0.0,0.0]}
711667131	1595488575923	{"acc":3,"vals":[406.0,0.0,0.0,0.0,54.0,0.0,7.0,0.0,0.0,0.0,0.0,0.0,0.0,0.0,0.0,0.0]}
711667183	1595488575975	{"acc":3,"vals":[397.0,0.0,0.0,0.0,53.0,0.0,7.0,0.0,0.0,0.0,0.0,0.0,0.0,0.0,0.0,0.0]}
711667236	1595488576028	{"acc":3,"vals":[388.0,0.0,0.0,0.0,52.0,0.0,7.0,0.0,0.0,0.0,0.0,0.0,0.0,0.0,0.0,0.0]}
711667289	1595488576081	{"acc":3,"vals":[392.0,0.0,0.0,0.0,52.0,0.0,7.0,0.0,0.0,0.0,0.0,0.0,0.0,0.0,0.0,0.0]}
711667341	1595488576134	{"acc":3,"vals":[397.0,0.0,0.0,0.0,53.0,0.0,7.0,0.0,0.0,0.0,0.0,0.0,0.0,0.0,0.0,0.0]}
711667394	1595488576186	{"acc":3,"vals":[401.0,0.0,0.0,0.0,53.0,0.0,7.0,0.0,0.0,0.0,0.0,0.0,0.0,0.0,0.0,0.0]}
711667447	1595488576240	{"acc":3,"vals":[402.0,0.0,0.0,0.0,54.0,0.0,7.0,0.0,0.0,0.0,0.0,0.0,0.0,0.0,0.0,0.0]}
711667499	1595488576292	{"acc":3,"vals":[410.0,0.0,0.0,0.0,54.0,0.0,7.0,0.0,0.0,0.0,0.0,0.0,0.0,0.0,0.0,0.0]}
711667552	1595488576345	{"acc":3,"vals":[411.0,0.0,0.0,0.0,55.0,0.0,7.0,0.0,0.0,0.0,0.0,0.0,0.0,0.0,0.0,0.0]}
711667604	1595488576397	{"acc":3,"vals":[416.0,0.0,0.0,0.0,56.0,0.0,7.0,0.0,0.0,0.0,0.0,0.0,0.0,0.0,0.0,0.0]}
711667657	1595488576449	{"acc":3,"vals":[416.0,0.0,0.0,0.0,56.0,0.0,7.0,0.0,0.0,0.0,0.0,0.0,0.0,0.0,0.0,0.0]}
711667710	1595488576503	{"acc":3,"vals":[418.0,0.0,0.0,0.0,54.0,0.0,7.0,0.0,0.0,0.0,0.0,0.0,0.0,0.0,0.0,0.0]}
711667762	1595488576555	{"acc":3,"vals":[420.0,0.0,0.0,0.0,52.0,0.0,7.0,0.0,0.0,0.0,0.0,0.0,0.0,0.0,0.0,0.0]}
711667815	1595488576607	{"acc":3,"vals":[413.0,0.0,0.0,0.0,49.0,0.0,7.0,0.0,0.0,0.0,0.0,0.0,0.0,0.0,0.0,0.0]}
711667867	1595488576659	{"acc":3,"vals":[406.0,0.0,0.0,0.0,46.0,0.0,7.0,0.0,0.0,0.0,0.0,0.0,0.0,0.0,0.0,0.0]}
711667919	1595488576712	{"acc":3,"vals":[405.0,0.0,0.0,0.0,45.0,0.0,7.0,0.0,0.0,0.0,0.0,0.0,0.0,0.0,0.0,0.0]}
711667972	1595488576765	{"acc":3,"vals":[416.0,0.0,0.0,0.0,44.0,0.0,7.0,0.0,0.0,0.0,0.0,0.0,0.0,0.0,0.0,0.0]}
711668025	1595488576817	{"acc":3,"vals":[426.0,0.0,0.0,0.0,42.0,0.0,7.0,0.0,0.0,0.0,0.0,0.0,0.0,0.0,0.0,0.0]}
711668077	1595488576870	{"acc":3,"vals":[433.0,0.0,0.0,0.0,41.0,0.0,7.0,0.0,0.0,0.0,0.0,0.0,0.0,0.0,0.0,0.0]}
711668130	1595488576923	{"acc":3,"vals":[438.0,0.0,0.0,0.0,42.0,0.0,7.0,0.0,0.0,0.0,0.0,0.0,0.0,0.0,0.0,0.0]}
711668183	1595488576975	{"acc":3,"vals":[447.0,0.0,0.0,0.0,43.0,0.0,7.0,0.0,0.0,0.0,0.0,0.0,0.0,0.0,0.0,0.0]}
711668235	1595488577027	{"acc":3,"vals":[461.0,0.0,0.0,0.0,45.0,0.0,7.0,0.0,0.0,0.0,0.0,0.0,0.0,0.0,0.0,0.0]}
711668288	1595488577080	{"acc":3,"vals":[475.0,0.0,0.0,0.0,47.0,0.0,7.0,0.0,0.0,0.0,0.0,0.0,0.0,0.0,0.0,0.0]}
711668341	1595488577134	{"acc":3,"vals":[481.0,0.0,0.0,0.0,49.0,0.0,7.0,0.0,0.0,0.0,0.0,0.0,0.0,0.0,0.0,0.0]}
711668393	1595488577186	{"acc":3,"vals":[490.0,0.0,0.0,0.0,50.0,0.0,7.0,0.0,0.0,0.0,0.0,0.0,0.0,0.0,0.0,0.0]}
711668446	1595488577239	{"acc":3,"vals":[492.0,0.0,0.0,0.0,52.0,0.0,7.0,0.0,0.0,0.0,0.0,0.0,0.0,0.0,0.0,0.0]}
711668498	1595488577290	{"acc":3,"vals":[502.0,0.0,0.0,0.0,54.0,0.0,7.0,0.0,0.0,0.0,0.0,0.0,0.0,0.0,0.0,0.0]}
711668551	1595488577344	{"acc":3,"vals":[508.0,0.0,0.0,0.0,56.0,0.0,7.0,0.0,0.0,0.0,0.0,0.0,0.0,0.0,0.0,0.0]}
711668604	1595488577397	{"acc":3,"vals":[500.0,0.0,0.0,0.0,56.0,0.0,7.0,0.0,0.0,0.0,0.0,0.0,0.0,0.0,0.0,0.0]}
711668656	1595488577448	{"acc":3,"vals":[500.0,0.0,0.0,0.0,56.0,0.0,7.0,0.0,0.0,0.0,0.0,0.0,0.0,0.0,0.0,0.0]}
711668709	1595488577502	{"acc":3,"vals":[496.0,0.0,0.0,0.0,56.0,0.0,7.0,0.0,0.0,0.0,0.0,0.0,0.0,0.0,0.0,0.0]}
711668762	1595488577554	{"acc":3,"vals":[488.0,0.0,0.0,0.0,56.0,0.0,7.0,0.0,0.0,0.0,0.0,0.0,0.0,0.0,0.0,0.0]}
711668814	1595488577607	{"acc":3,"vals":[478.0,0.0,0.0,0.0,54.0,0.0,7.0,0.0,0.0,0.0,0.0,0.0,0.0,0.0,0.0,0.0]}
711668867	1595488577659	{"acc":3,"vals":[463.0,0.0,0.0,0.0,51.0,0.0,7.0,0.0,0.0,0.0,0.0,0.0,0.0,0.0,0.0,0.0]}
711668920	1595488577713	{"acc":3,"vals":[456.0,0.0,0.0,0.0,52.0,0.0,7.0,0.0,0.0,0.0,0.0,0.0,0.0,0.0,0.0,0.0]}
711668972	1595488577765	{"acc":3,"vals":[457.0,0.0,0.0,0.0,53.0,0.0,7.0,0.0,0.0,0.0,0.0,0.0,0.0,0.0,0.0,0.0]}
711669024	1595488577816	{"acc":3,"vals":[448.0,0.0,0.0,0.0,52.0,0.0,7.0,0.0,0.0,0.0,0.0,0.0,0.0,0.0,0.0,0.0]}
711669077	1595488577870	{"acc":3,"vals":[443.0,0.0,0.0,0.0,51.0,0.0,7.0,0.0,0.0,0.0,0.0,0.0,0.0,0.0,0.0,0.0]}
711669129	1595488577922	{"acc":3,"vals":[434.0,0.0,0.0,0.0,50.0,0.0,7.0,0.0,0.0,0.0,0.0,0.0,0.0,0.0,0.0,0.0]}
711669182	1595488577975	{"acc":3,"vals":[425.0,0.0,0.0,0.0,49.0,0.0,7.0,0.0,0.0,0.0,0.0,0.0,0.0,0.0,0.0,0.0]}
711669234	1595488578027	{"acc":3,"vals":[416.0,0.0,0.0,0.0,48.0,0.0,7.0,0.0,0.0,0.0,0.0,0.0,0.0,0.0,0.0,0.0]}
711669287	1595488578079	{"acc":3,"vals":[406.0,0.0,0.0,0.0,46.0,0.0,7.0,0.0,0.0,0.0,0.0,0.0,0.0,0.0,0.0,0.0]}
711669340	1595488578133	{"acc":3,"vals":[392.0,0.0,0.0,0.0,44.0,0.0,7.0,0.0,0.0,0.0,0.0,0.0,0.0,0.0,0.0,0.0]}
711669392	1595488578185	{"acc":3,"vals":[387.0,0.0,0.0,0.0,43.0,0.0,7.0,0.0,0.0,0.0,0.0,0.0,0.0,0.0,0.0,0.0]}
711669445	1595488578238	{"acc":3,"vals":[383.0,0.0,0.0,0.0,43.0,0.0,7.0,0.0,0.0,0.0,0.0,0.0,0.0,0.0,0.0,0.0]}
711669498	1595488578291	{"acc":3,"vals":[378.0,0.0,0.0,0.0,42.0,0.0,7.0,0.0,0.0,0.0,0.0,0.0,0.0,0.0,0.0,0.0]}
711669550	1595488578343	{"acc":3,"vals":[372.0,0.0,0.0,0.0,40.0,0.0,7.0,0.0,0.0,0.0,0.0,0.0,0.0,0.0,0.0,0.0]}
711671917	1595488580709	{"acc":3,"vals":[194.0,0.0,0.0,0.0,10.0,0.0,7.0,0.0,0.0,0.0,0.0,0.0,0.0,0.0,0.0,0.0]}
711671970	1595488580762	{"acc":3,"vals":[194.0,0.0,0.0,0.0,10.0,0.0,7.0,0.0,0.0,0.0,0.0,0.0,0.0,0.0,0.0,0.0]}
711672023	1595488580815	{"acc":3,"vals":[198.0,0.0,0.0,0.0,10.0,0.0,7.0,0.0,0.0,0.0,0.0,0.0,0.0,0.0,0.0,0.0]}
711672075	1595488580867	{"acc":3,"vals":[194.0,0.0,0.0,0.0,10.0,0.0,7.0,0.0,0.0,0.0,0.0,0.0,0.0,0.0,0.0,0.0]}
711672128	1595488580920	{"acc":3,"vals":[189.0,0.0,0.0,0.0,9.0,0.0,7.0,0.0,0.0,0.0,0.0,0.0,0.0,0.0,0.0,0.0]}
711672181	1595488580973	{"acc":3,"vals":[193.0,0.0,0.0,0.0,9.0,0.0,7.0,0.0,0.0,0.0,0.0,0.0,0.0,0.0,0.0,0.0]}
711672233	1595488581026	{"acc":3,"vals":[193.0,0.0,0.0,0.0,9.0,0.0,7.0,0.0,0.0,0.0,0.0,0.0,0.0,0.0,0.0,0.0]}
711672286	1595488581079	{"acc":3,"vals":[184.0,0.0,0.0,0.0,8.0,0.0,7.0,0.0,0.0,0.0,0.0,0.0,0.0,0.0,0.0,0.0]}
711672339	1595488581131	{"acc":3,"vals":[180.0,0.0,0.0,0.0,8.0,0.0,7.0,0.0,0.0,0.0,0.0,0.0,0.0,0.0,0.0,0.0]}
711672391	1595488581184	{"acc":3,"vals":[180.0,0.0,0.0,0.0,8.0,0.0,7.0,0.0,0.0,0.0,0.0,0.0,0.0,0.0,0.0,0.0]}
711672444	1595488581237	{"acc":3,"vals":[172.0,0.0,0.0,0.0,8.0,0.0,7.0,0.0,0.0,0.0,0.0,0.0,0.0,0.0,0.0,0.0]}
711672496	1595488581288	{"acc":3,"vals":[176.0,0.0,0.0,0.0,8.0,0.0,7.0,0.0,0.0,0.0,0.0,0.0,0.0,0.0,0.0,0.0]}
711672549	1595488581341	{"acc":3,"vals":[172.0,0.0,0.0,0.0,8.0,0.0,7.0,0.0,0.0,0.0,0.0,0.0,0.0,0.0,0.0,0.0]}
711672602	1595488581394	{"acc":3,"vals":[168.0,0.0,0.0,0.0,8.0,0.0,7.0,0.0,0.0,0.0,0.0,0.0,0.0,0.0,0.0,0.0]}
711672654	1595488581446	{"acc":3,"vals":[168.0,0.0,0.0,0.0,8.0,0.0,7.0,0.0,0.0,0.0,0.0,0.0,0.0,0.0,0.0,0.0]}
711672706	1595488581498	{"acc":3,"vals":[171.0,0.0,0.0,0.0,7.0,0.0,7.0,0.0,0.0,0.0,0.0,0.0,0.0,0.0,0.0,0.0]}
711672759	1595488581551	{"acc":3,"vals":[159.0,0.0,0.0,0.0,7.0,0.0,7.0,0.0,0.0,0.0,0.0,0.0,0.0,0.0,0.0,0.0]}
711672811	1595488581604	{"acc":3,"vals":[155.0,0.0,0.0,0.0,7.0,0.0,7.0,0.0,0.0,0.0,0.0,0.0,0.0,0.0,0.0,0.0]}
711672864	1595488581656	{"acc":3,"vals":[151.0,0.0,0.0,0.0,7.0,0.0,7.0,0.0,0.0,0.0,0.0,0.0,0.0,0.0,0.0,0.0]}
711672917	1595488581709	{"acc":3,"vals":[150.0,0.0,0.0,0.0,6.0,0.0,7.0,0.0,0.0,0.0,0.0,0.0,0.0,0.0,0.0,0.0]}
711672969	1595488581762	{"acc":3,"vals":[142.0,0.0,0.0,0.0,6.0,0.0,7.0,0.0,0.0,0.0,0.0,0.0,0.0,0.0,0.0,0.0]}
711673022	1595488581814	{"acc":3,"vals":[130.0,0.0,0.0,0.0,6.0,0.0,7.0,0.0,0.0,0.0,0.0,0.0,0.0,0.0,0.0,0.0]}
711673075	1595488581867	{"acc":3,"vals":[133.0,0.0,0.0,0.0,5.0,0.0,7.0,0.0,0.0,0.0,0.0,0.0,0.0,0.0,0.0,0.0]}
711673127	1595488581919	{"acc":3,"vals":[141.0,0.0,0.0,0.0,5.0,0.0,7.0,0.0,0.0,0.0,0.0,0.0,0.0,0.0,0.0,0.0]}
711673180	1595488581973	{"acc":3,"vals":[141.0,0.0,0.0,0.0,5.0,0.0,7.0,0.0,0.0,0.0,0.0,0.0,0.0,0.0,0.0,0.0]}
711673233	1595488582026	{"acc":3,"vals":[137.0,0.0,0.0,0.0,5.0,0.0,7.0,0.0,0.0,0.0,0.0,0.0,0.0,0.0,0.0,0.0]}
711673285	1595488582077	{"acc":3,"vals":[133.0,0.0,0.0,0.0,5.0,0.0,7.0,0.0,0.0,0.0,0.0,0.0,0.0,0.0,0.0,0.0]}
711673338	1595488582130	{"acc":3,"vals":[129.0,0.0,0.0,0.0,5.0,0.0,7.0,0.0,0.0,0.0,0.0,0.0,0.0,0.0,0.0,0.0]}
711673390	1595488582182	{"acc":3,"vals":[128.0,0.0,0.0,0.0,4.0,0.0,7.0,0.0,0.0,0.0,0.0,0.0,0.0,0.0,0.0,0.0]}
711673443	1595488582236	{"acc":3,"vals":[124.0,0.0,0.0,0.0,4.0,0.0,7.0,0.0,0.0,0.0,0.0,0.0,0.0,0.0,0.0,0.0]}
711673496	1595488582288	{"acc":3,"vals":[124.0,0.0,0.0,0.0,4.0,0.0,7.0,0.0,0.0,0.0,0.0,0.0,0.0,0.0,0.0,0.0]}
711673548	1595488582341	{"acc":3,"vals":[124.0,0.0,0.0,0.0,4.0,0.0,7.0,0.0,0.0,0.0,0.0,0.0,0.0,0.0,0.0,0.0]}
711673601	1595488582393	{"acc":3,"vals":[124.0,0.0,0.0,0.0,4.0,0.0,7.0,0.0,0.0,0.0,0.0,0.0,0.0,0.0,0.0,0.0]}
711673654	1595488582446	{"acc":3,"vals":[128.0,0.0,0.0,0.0,4.0,0.0,7.0,0.0,0.0,0.0,0.0,0.0,0.0,0.0,0.0,0.0]}
711673706	1595488582498	{"acc":3,"vals":[132.0,0.0,0.0,0.0,4.0,0.0,7.0,0.0,0.0,0.0,0.0,0.0,0.0,0.0,0.0,0.0]}
711673759	1595488582552	{"acc":3,"vals":[128.0,0.0,0.0,0.0,4.0,0.0,7.0,0.0,0.0,0.0,0.0,0.0,0.0,0.0,0.0,0.0]}
711673812	1595488582604	{"acc":3,"vals":[128.0,0.0,0.0,0.0,4.0,0.0,7.0,0.0,0.0,0.0,0.0,0.0,0.0,0.0,0.0,0.0]}
711673864	1595488582657	{"acc":3,"vals":[128.0,0.0,0.0,0.0,4.0,0.0,7.0,0.0,0.0,0.0,0.0,0.0,0.0,0.0,0.0,0.0]}
711673916	1595488582708	{"acc":3,"vals":[136.0,0.0,0.0,0.0,4.0,0.0,7.0,0.0,0.0,0.0,0.0,0.0,0.0,0.0,0.0,0.0]}
711673969	1595488582761	{"acc":3,"vals":[145.0,0.0,0.0,0.0,5.0,0.0,7.0,0.0,0.0,0.0,0.0,0.0,0.0,0.0,0.0,0.0]}
711674021	1595488582814	{"acc":3,"vals":[145.0,0.0,0.0,0.0,5.0,0.0,7.0,0.0,0.0,0.0,0.0,0.0,0.0,0.0,0.0,0.0]}
711674074	1595488582867	{"acc":3,"vals":[141.0,0.0,0.0,0.0,5.0,0.0,7.0,0.0,0.0,0.0,0.0,0.0,0.0,0.0,0.0,0.0]}
711674126	1595488582918	{"acc":3,"vals":[137.0,0.0,0.0,0.0,5.0,0.0,7.0,0.0,0.0,0.0,0.0,0.0,0.0,0.0,0.0,0.0]}
711674179	1595488582971	{"acc":3,"vals":[137.0,0.0,0.0,0.0,5.0,0.0,7.0,0.0,0.0,0.0,0.0,0.0,0.0,0.0,0.0,0.0]}
711674232	1595488583025	{"acc":3,"vals":[133.0,0.0,0.0,0.0,5.0,0.0,7.0,0.0,0.0,0.0,0.0,0.0,0.0,0.0,0.0,0.0]}
711674284	1595488583077	{"acc":3,"vals":[145.0,0.0,0.0,0.0,5.0,0.0,7.0,0.0,0.0,0.0,0.0,0.0,0.0,0.0,0.0,0.0]}
711674337	1595488583130	{"acc":3,"vals":[145.0,0.0,0.0,0.0,5.0,0.0,7.0,0.0,0.0,0.0,0.0,0.0,0.0,0.0,0.0,0.0]}
711674390	1595488583182	{"acc":3,"vals":[141.0,0.0,0.0,0.0,5.0,0.0,7.0,0.0,0.0,0.0,0.0,0.0,0.0,0.0,0.0,0.0]}
711674442	1595488583234	{"acc":3,"vals":[137.0,0.0,0.0,0.0,5.0,0.0,7.0,0.0,0.0,0.0,0.0,0.0,0.0,0.0,0.0,0.0]}
711674495	1595488583288	{"acc":3,"vals":[145.0,0.0,0.0,0.0,5.0,0.0,7.0,0.0,0.0,0.0,0.0,0.0,0.0,0.0,0.0,0.0]}
711674548	1595488583340	{"acc":3,"vals":[149.0,0.0,0.0,0.0,5.0,0.0,7.0,0.0,0.0,0.0,0.0,0.0,0.0,0.0,0.0,0.0]}
711674600	1595488583392	{"acc":3,"vals":[145.0,0.0,0.0,0.0,5.0,0.0,7.0,0.0,0.0,0.0,0.0,0.0,0.0,0.0,0.0,0.0]}
711674653	1595488583445	{"acc":3,"vals":[145.0,0.0,0.0,0.0,5.0,0.0,7.0,0.0,0.0,0.0,0.0,0.0,0.0,0.0,0.0,0.0]}
711674706	1595488583499	{"acc":3,"vals":[141.0,0.0,0.0,0.0,5.0,0.0,7.0,0.0,0.0,0.0,0.0,0.0,0.0,0.0,0.0,0.0]}
711674758	1595488583550	{"acc":3,"vals":[141.0,0.0,0.0,0.0,5.0,0.0,7.0,0.0,0.0,0.0,0.0,0.0,0.0,0.0,0.0,0.0]}
711674811	1595488583603	{"acc":3,"vals":[137.0,0.0,0.0,0.0,5.0,0.0,7.0,0.0,0.0,0.0,0.0,0.0,0.0,0.0,0.0,0.0]}
711674864	1595488583656	{"acc":3,"vals":[137.0,0.0,0.0,0.0,5.0,0.0,7.0,0.0,0.0,0.0,0.0,0.0,0.0,0.0,0.0,0.0]}
711674916	1595488583708	{"acc":3,"vals":[145.0,0.0,0.0,0.0,5.0,0.0,7.0,0.0,0.0,0.0,0.0,0.0,0.0,0.0,0.0,0.0]}
711674969	1595488583761	{"acc":3,"vals":[145.0,0.0,0.0,0.0,5.0,0.0,7.0,0.0,0.0,0.0,0.0,0.0,0.0,0.0,0.0,0.0]}
711675021	1595488583813	{"acc":3,"vals":[137.0,0.0,0.0,0.0,5.0,0.0,7.0,0.0,0.0,0.0,0.0,0.0,0.0,0.0,0.0,0.0]}
711675074	1595488583866	{"acc":3,"vals":[141.0,0.0,0.0,0.0,5.0,0.0,7.0,0.0,0.0,0.0,0.0,0.0,0.0,0.0,0.0,0.0]}
711675126	1595488583919	{"acc":3,"vals":[145.0,0.0,0.0,0.0,5.0,0.0,7.0,0.0,0.0,0.0,0.0,0.0,0.0,0.0,0.0,0.0]}
711675178	1595488583970	{"acc":3,"vals":[141.0,0.0,0.0,0.0,5.0,0.0,7.0,0.0,0.0,0.0,0.0,0.0,0.0,0.0,0.0,0.0]}
711675231	1595488584023	{"acc":3,"vals":[149.0,0.0,0.0,0.0,5.0,0.0,7.0,0.0,0.0,0.0,0.0,0.0,0.0,0.0,0.0,0.0]}
711675284	1595488584077	{"acc":3,"vals":[165.0,0.0,0.0,0.0,5.0,0.0,7.0,0.0,0.0,0.0,0.0,0.0,0.0,0.0,0.0,0.0]}
711675336	1595488584128	{"acc":3,"vals":[157.0,0.0,0.0,0.0,5.0,0.0,7.0,0.0,0.0,0.0,0.0,0.0,0.0,0.0,0.0,0.0]}
711675389	1595488584181	{"acc":3,"vals":[149.0,0.0,0.0,0.0,5.0,0.0,7.0,0.0,0.0,0.0,0.0,0.0,0.0,0.0,0.0,0.0]}
711675442	1595488584234	{"acc":3,"vals":[149.0,0.0,0.0,0.0,5.0,0.0,7.0,0.0,0.0,0.0,0.0,0.0,0.0,0.0,0.0,0.0]}
711675494	1595488584286	{"acc":3,"vals":[153.0,0.0,0.0,0.0,5.0,0.0,7.0,0.0,0.0,0.0,0.0,0.0,0.0,0.0,0.0,0.0]}
711675547	1595488584339	{"acc":3,"vals":[149.0,0.0,0.0,0.0,5.0,0.0,7.0,0.0,0.0,0.0,0.0,0.0,0.0,0.0,0.0,0.0]}
711675600	1595488584393	{"acc":3,"vals":[144.0,0.0,0.0,0.0,4.0,0.0,7.0,0.0,0.0,0.0,0.0,0.0,0.0,0.0,0.0,0.0]}
711675652	1595488584445	{"acc":3,"vals":[140.0,0.0,0.0,0.0,4.0,0.0,7.0,0.0,0.0,0.0,0.0,0.0,0.0,0.0,0.0,0.0]}
711675705	1595488584498	{"acc":3,"vals":[144.0,0.0,0.0,0.0,4.0,0.0,7.0,0.0,0.0,0.0,0.0,0.0,0.0,0.0,0.0,0.0]}
711675757	1595488584550	{"acc":3,"vals":[140.0,0.0,0.0,0.0,4.0,0.0,7.0,0.0,0.0,0.0,0.0,0.0,0.0,0.0,0.0,0.0]}
711675810	1595488584603	{"acc":3,"vals":[132.0,0.0,0.0,0.0,4.0,0.0,7.0,0.0,0.0,0.0,0.0,0.0,0.0,0.0,0.0,0.0]}
711675863	1595488584655	{"acc":3,"vals":[128.0,0.0,0.0,0.0,4.0,0.0,7.0,0.0,0.0,0.0,0.0,0.0,0.0,0.0,0.0,0.0]}
711675915	1595488584708	{"acc":3,"vals":[123.0,0.0,0.0,0.0,3.0,0.0,7.0,0.0,0.0,0.0,0.0,0.0,0.0,0.0,0.0,0.0]}
711675968	1595488584761	{"acc":3,"vals":[128.0,0.0,0.0,0.0,4.0,0.0,7.0,0.0,0.0,0.0,0.0,0.0,0.0,0.0,0.0,0.0]}
711676021	1595488584813	{"acc":3,"vals":[132.0,0.0,0.0,0.0,4.0,0.0,7.0,0.0,0.0,0.0,0.0,0.0,0.0,0.0,0.0,0.0]}
711676073	1595488584866	{"acc":3,"vals":[123.0,0.0,0.0,0.0,3.0,0.0,7.0,0.0,0.0,0.0,0.0,0.0,0.0,0.0,0.0,0.0]}
711676126	1595488584919	{"acc":3,"vals":[123.0,0.0,0.0,0.0,3.0,0.0,7.0,0.0,0.0,0.0,0.0,0.0,0.0,0.0,0.0,0.0]}
711676179	1595488584972	{"acc":3,"vals":[127.0,0.0,0.0,0.0,3.0,0.0,7.0,0.0,0.0,0.0,0.0,0.0,0.0,0.0,0.0,0.0]}
711676231	1595488585023	{"acc":3,"vals":[123.0,0.0,0.0,0.0,3.0,0.0,7.0,0.0,0.0,0.0,0.0,0.0,0.0,0.0,0.0,0.0]}
711676283	1595488585075	{"acc":3,"vals":[119.0,0.0,0.0,0.0,3.0,0.0,7.0,0.0,0.0,0.0,0.0,0.0,0.0,0.0,0.0,0.0]}
711676336	1595488585128	{"acc":3,"vals":[119.0,0.0,0.0,0.0,3.0,0.0,7.0,0.0,0.0,0.0,0.0,0.0,0.0,0.0,0.0,0.0]}
711676388	1595488585181	{"acc":3,"vals":[123.0,0.0,0.0,0.0,3.0,0.0,7.0,0.0,0.0,0.0,0.0,0.0,0.0,0.0,0.0,0.0]}
711676441	1595488585234	{"acc":3,"vals":[127.0,0.0,0.0,0.0,3.0,0.0,7.0,0.0,0.0,0.0,0.0,0.0,0.0,0.0,0.0,0.0]}
711676494	1595488585286	{"acc":3,"vals":[119.0,0.0,0.0,0.0,3.0,0.0,7.0,0.0,0.0,0.0,0.0,0.0,0.0,0.0,0.0,0.0]}
711676546	1595488585339	{"acc":3,"vals":[115.0,0.0,0.0,0.0,3.0,0.0,7.0,0.0,0.0,0.0,0.0,0.0,0.0,0.0,0.0,0.0]}
711676599	1595488585392	{"acc":3,"vals":[119.0,0.0,0.0,0.0,3.0,0.0,7.0,0.0,0.0,0.0,0.0,0.0,0.0,0.0,0.0,0.0]}
711676651	1595488585443	{"acc":3,"vals":[119.0,0.0,0.0,0.0,3.0,0.0,7.0,0.0,0.0,0.0,0.0,0.0,0.0,0.0,0.0,0.0]}
711676704	1595488585496	{"acc":3,"vals":[115.0,0.0,0.0,0.0,3.0,0.0,7.0,0.0,0.0,0.0,0.0,0.0,0.0,0.0,0.0,0.0]}
711676757	1595488585550	{"acc":3,"vals":[119.0,0.0,0.0,0.0,3.0,0.0,7.0,0.0,0.0,0.0,0.0,0.0,0.0,0.0,0.0,0.0]}
711676809	1595488585602	{"acc":3,"vals":[136.0,0.0,0.0,0.0,4.0,0.0,7.0,0.0,0.0,0.0,0.0,0.0,0.0,0.0,0.0,0.0]}
711676862	1595488585655	{"acc":3,"vals":[144.0,0.0,0.0,0.0,4.0,0.0,7.0,0.0,0.0,0.0,0.0,0.0,0.0,0.0,0.0,0.0]}
711676915	1595488585708	{"acc":3,"vals":[132.0,0.0,0.0,0.0,4.0,0.0,7.0,0.0,0.0,0.0,0.0,0.0,0.0,0.0,0.0,0.0]}
711676967	1595488585759	{"acc":3,"vals":[132.0,0.0,0.0,0.0,4.0,0.0,7.0,0.0,0.0,0.0,0.0,0.0,0.0,0.0,0.0,0.0]}
711677020	1595488585813	{"acc":3,"vals":[140.0,0.0,0.0,0.0,4.0,0.0,7.0,0.0,0.0,0.0,0.0,0.0,0.0,0.0,0.0,0.0]}
711677073	1595488585866	{"acc":3,"vals":[132.0,0.0,0.0,0.0,4.0,0.0,7.0,0.0,0.0,0.0,0.0,0.0,0.0,0.0,0.0,0.0]}
711677125	1595488585917	{"acc":3,"vals":[128.0,0.0,0.0,0.0,4.0,0.0,7.0,0.0,0.0,0.0,0.0,0.0,0.0,0.0,0.0,0.0]}
711677178	1595488585971	{"acc":3,"vals":[128.0,0.0,0.0,0.0,4.0,0.0,7.0,0.0,0.0,0.0,0.0,0.0,0.0,0.0,0.0,0.0]}
711677231	1595488586023	{"acc":3,"vals":[131.0,0.0,0.0,0.0,3.0,0.0,7.0,0.0,0.0,0.0,0.0,0.0,0.0,0.0,0.0,0.0]}
711677283	1595488586076	{"acc":3,"vals":[127.0,0.0,0.0,0.0,3.0,0.0,7.0,0.0,0.0,0.0,0.0,0.0,0.0,0.0,0.0,0.0]}
711677336	1595488586128	{"acc":3,"vals":[123.0,0.0,0.0,0.0,3.0,0.0,7.0,0.0,0.0,0.0,0.0,0.0,0.0,0.0,0.0,0.0]}
711677388	1595488586180	{"acc":3,"vals":[123.0,0.0,0.0,0.0,3.0,0.0,7.0,0.0,0.0,0.0,0.0,0.0,0.0,0.0,0.0,0.0]}
711677441	1595488586233	{"acc":3,"vals":[123.0,0.0,0.0,0.0,3.0,0.0,7.0,0.0,0.0,0.0,0.0,0.0,0.0,0.0,0.0,0.0]}
711677493	1595488586285	{"acc":3,"vals":[127.0,0.0,0.0,0.0,3.0,0.0,7.0,0.0,0.0,0.0,0.0,0.0,0.0,0.0,0.0,0.0]}
711677546	1595488586338	{"acc":3,"vals":[123.0,0.0,0.0,0.0,3.0,0.0,7.0,0.0,0.0,0.0,0.0,0.0,0.0,0.0,0.0,0.0]}
711677598	1595488586391	{"acc":3,"vals":[119.0,0.0,0.0,0.0,3.0,0.0,7.0,0.0,0.0,0.0,0.0,0.0,0.0,0.0,0.0,0.0]}
711677651	1595488586443	{"acc":3,"vals":[119.0,0.0,0.0,0.0,3.0,0.0,7.0,0.0,0.0,0.0,0.0,0.0,0.0,0.0,0.0,0.0]}
711677703	1595488586496	{"acc":3,"vals":[127.0,0.0,0.0,0.0,3.0,0.0,7.0,0.0,0.0,0.0,0.0,0.0,0.0,0.0,0.0,0.0]}
711677756	1595488586549	{"acc":3,"vals":[144.0,0.0,0.0,0.0,4.0,0.0,7.0,0.0,0.0,0.0,0.0,0.0,0.0,0.0,0.0,0.0]}
711677809	1595488586602	{"acc":3,"vals":[136.0,0.0,0.0,0.0,4.0,0.0,7.0,0.0,0.0,0.0,0.0,0.0,0.0,0.0,0.0,0.0]}
711677861	1595488586654	{"acc":3,"vals":[119.0,0.0,0.0,0.0,3.0,0.0,7.0,0.0,0.0,0.0,0.0,0.0,0.0,0.0,0.0,0.0]}
711677914	1595488586706	{"acc":3,"vals":[136.0,0.0,0.0,0.0,4.0,0.0,7.0,0.0,0.0,0.0,0.0,0.0,0.0,0.0,0.0,0.0]}
711677967	1595488586759	{"acc":3,"vals":[148.0,0.0,0.0,0.0,4.0,0.0,7.0,0.0,0.0,0.0,0.0,0.0,0.0,0.0,0.0,0.0]}
711678019	1595488586812	{"acc":3,"vals":[144.0,0.0,0.0,0.0,4.0,0.0,7.0,0.0,0.0,0.0,0.0,0.0,0.0,0.0,0.0,0.0]}
711678072	1595488586864	{"acc":3,"vals":[148.0,0.0,0.0,0.0,4.0,0.0,7.0,0.0,0.0,0.0,0.0,0.0,0.0,0.0,0.0,0.0]}
711678125	1595488586917	{"acc":3,"vals":[144.0,0.0,0.0,0.0,4.0,0.0,7.0,0.0,0.0,0.0,0.0,0.0,0.0,0.0,0.0,0.0]}
711678177	1595488586970	{"acc":3,"vals":[148.0,0.0,0.0,0.0,4.0,0.0,7.0,0.0,0.0,0.0,0.0,0.0,0.0,0.0,0.0,0.0]}
711678230	1595488587023	{"acc":3,"vals":[136.0,0.0,0.0,0.0,4.0,0.0,7.0,0.0,0.0,0.0,0.0,0.0,0.0,0.0,0.0,0.0]}
711678282	1595488587074	{"acc":3,"vals":[123.0,0.0,0.0,0.0,3.0,0.0,7.0,0.0,0.0,0.0,0.0,0.0,0.0,0.0,0.0,0.0]}
711678335	1595488587128	{"acc":3,"vals":[123.0,0.0,0.0,0.0,3.0,0.0,7.0,0.0,0.0,0.0,0.0,0.0,0.0,0.0,0.0,0.0]}
711678388	1595488587180	{"acc":3,"vals":[131.0,0.0,0.0,0.0,3.0,0.0,7.0,0.0,0.0,0.0,0.0,0.0,0.0,0.0,0.0,0.0]}
711678440	1595488587232	{"acc":3,"vals":[131.0,0.0,0.0,0.0,3.0,0.0,7.0,0.0,0.0,0.0,0.0,0.0,0.0,0.0,0.0,0.0]}
711678493	1595488587285	{"acc":3,"vals":[127.0,0.0,0.0,0.0,3.0,0.0,7.0,0.0,0.0,0.0,0.0,0.0,0.0,0.0,0.0,0.0]}
711678546	1595488587339	{"acc":3,"vals":[127.0,0.0,0.0,0.0,3.0,0.0,7.0,0.0,0.0,0.0,0.0,0.0,0.0,0.0,0.0,0.0]}
711678598	1595488587390	{"acc":3,"vals":[136.0,0.0,0.0,0.0,4.0,0.0,7.0,0.0,0.0,0.0,0.0,0.0,0.0,0.0,0.0,0.0]}
711678650	1595488587443	{"acc":3,"vals":[136.0,0.0,0.0,0.0,4.0,0.0,7.0,0.0,0.0,0.0,0.0,0.0,0.0,0.0,0.0,0.0]}
711678703	1595488587495	{"acc":3,"vals":[127.0,0.0,0.0,0.0,3.0,0.0,7.0,0.0,0.0,0.0,0.0,0.0,0.0,0.0,0.0,0.0]}
711678755	1595488587547	{"acc":3,"vals":[123.0,0.0,0.0,0.0,3.0,0.0,7.0,0.0,0.0,0.0,0.0,0.0,0.0,0.0,0.0,0.0]}
711678808	1595488587600	{"acc":3,"vals":[127.0,0.0,0.0,0.0,3.0,0.0,7.0,0.0,0.0,0.0,0.0,0.0,0.0,0.0,0.0,0.0]}
711678861	1595488587654	{"acc":3,"vals":[135.0,0.0,0.0,0.0,3.0,0.0,7.0,0.0,0.0,0.0,0.0,0.0,0.0,0.0,0.0,0.0]}
711678913	1595488587705	{"acc":3,"vals":[135.0,0.0,0.0,0.0,3.0,0.0,7.0,0.0,0.0,0.0,0.0,0.0,0.0,0.0,0.0,0.0]}
711678966	1595488587759	{"acc":3,"vals":[131.0,0.0,0.0,0.0,3.0,0.0,7.0,0.0,0.0,0.0,0.0,0.0,0.0,0.0,0.0,0.0]}
711679018	1595488587810	{"acc":3,"vals":[135.0,0.0,0.0,0.0,3.0,0.0,7.0,0.0,0.0,0.0,0.0,0.0,0.0,0.0,0.0,0.0]}
711679071	1595488587864	{"acc":3,"vals":[140.0,0.0,0.0,0.0,4.0,0.0,7.0,0.0,0.0,0.0,0.0,0.0,0.0,0.0,0.0,0.0]}
711679124	1595488587917	{"acc":3,"vals":[148.0,0.0,0.0,0.0,4.0,0.0,7.0,0.0,0.0,0.0,0.0,0.0,0.0,0.0,0.0,0.0]}
711679176	1595488587968	{"acc":3,"vals":[148.0,0.0,0.0,0.0,4.0,0.0,7.0,0.0,0.0,0.0,0.0,0.0,0.0,0.0,0.0,0.0]}
711679229	1595488588022	{"acc":3,"vals":[144.0,0.0,0.0,0.0,4.0,0.0,7.0,0.0,0.0,0.0,0.0,0.0,0.0,0.0,0.0,0.0]}
711679282	1595488588074	{"acc":3,"vals":[144.0,0.0,0.0,0.0,4.0,0.0,7.0,0.0,0.0,0.0,0.0,0.0,0.0,0.0,0.0,0.0]}
711679334	1595488588126	{"acc":3,"vals":[144.0,0.0,0.0,0.0,4.0,0.0,7.0,0.0,0.0,0.0,0.0,0.0,0.0,0.0,0.0,0.0]}
711679387	1595488588179	{"acc":3,"vals":[144.0,0.0,0.0,0.0,4.0,0.0,7.0,0.0,0.0,0.0,0.0,0.0,0.0,0.0,0.0,0.0]}
711679440	1595488588232	{"acc":3,"vals":[152.0,0.0,0.0,0.0,4.0,0.0,7.0,0.0,0.0,0.0,0.0,0.0,0.0,0.0,0.0,0.0]}
711679492	1595488588285	{"acc":3,"vals":[160.0,0.0,0.0,0.0,4.0,0.0,7.0,0.0,0.0,0.0,0.0,0.0,0.0,0.0,0.0,0.0]}
711679545	1595488588338	{"acc":3,"vals":[160.0,0.0,0.0,0.0,4.0,0.0,7.0,0.0,0.0,0.0,0.0,0.0,0.0,0.0,0.0,0.0]}
711679598	1595488588391	{"acc":3,"vals":[165.0,0.0,0.0,0.0,5.0,0.0,7.0,0.0,0.0,0.0,0.0,0.0,0.0,0.0,0.0,0.0]}
711679650	1595488588442	{"acc":3,"vals":[169.0,0.0,0.0,0.0,5.0,0.0,7.0,0.0,0.0,0.0,0.0,0.0,0.0,0.0,0.0,0.0]}
711679703	1595488588495	{"acc":3,"vals":[169.0,0.0,0.0,0.0,5.0,0.0,7.0,0.0,0.0,0.0,0.0,0.0,0.0,0.0,0.0,0.0]}
711679755	1595488588547	{"acc":3,"vals":[160.0,0.0,0.0,0.0,4.0,0.0,7.0,0.0,0.0,0.0,0.0,0.0,0.0,0.0,0.0,0.0]}
711680965	1595488589757	{"acc":3,"vals":[157.0,0.0,0.0,0.0,5.0,0.0,7.0,0.0,0.0,0.0,0.0,0.0,0.0,0.0,0.0,0.0]}
711681017	1595488589809	{"acc":3,"vals":[165.0,0.0,0.0,0.0,5.0,0.0,7.0,0.0,0.0,0.0,0.0,0.0,0.0,0.0,0.0,0.0]}
711681070	1595488589862	{"acc":3,"vals":[169.0,0.0,0.0,0.0,5.0,0.0,7.0,0.0,0.0,0.0,0.0,0.0,0.0,0.0,0.0,0.0]}
711681122	1595488589915	{"acc":3,"vals":[165.0,0.0,0.0,0.0,5.0,0.0,7.0,0.0,0.0,0.0,0.0,0.0,0.0,0.0,0.0,0.0]}
711681175	1595488589968	{"acc":3,"vals":[153.0,0.0,0.0,0.0,5.0,0.0,7.0,0.0,0.0,0.0,0.0,0.0,0.0,0.0,0.0,0.0]}
711681228	1595488590020	{"acc":3,"vals":[149.0,0.0,0.0,0.0,5.0,0.0,7.0,0.0,0.0,0.0,0.0,0.0,0.0,0.0,0.0,0.0]}
711681280	1595488590072	{"acc":3,"vals":[144.0,0.0,0.0,0.0,4.0,0.0,7.0,0.0,0.0,0.0,0.0,0.0,0.0,0.0,0.0,0.0]}
711681333	1595488590125	{"acc":3,"vals":[145.0,0.0,0.0,0.0,5.0,0.0,7.0,0.0,0.0,0.0,0.0,0.0,0.0,0.0,0.0,0.0]}
711681386	1595488590179	{"acc":3,"vals":[149.0,0.0,0.0,0.0,5.0,0.0,7.0,0.0,0.0,0.0,0.0,0.0,0.0,0.0,0.0,0.0]}
711681438	1595488590230	{"acc":3,"vals":[141.0,0.0,0.0,0.0,5.0,0.0,7.0,0.0,0.0,0.0,0.0,0.0,0.0,0.0,0.0,0.0]}
711681491	1595488590284	{"acc":3,"vals":[141.0,0.0,0.0,0.0,5.0,0.0,7.0,0.0,0.0,0.0,0.0,0.0,0.0,0.0,0.0,0.0]}
711681543	1595488590336	{"acc":3,"vals":[137.0,0.0,0.0,0.0,5.0,0.0,7.0,0.0,0.0,0.0,0.0,0.0,0.0,0.0,0.0,0.0]}
711681596	1595488590389	{"acc":3,"vals":[136.0,0.0,0.0,0.0,4.0,0.0,7.0,0.0,0.0,0.0,0.0,0.0,0.0,0.0,0.0,0.0]}
711681649	1595488590441	{"acc":3,"vals":[128.0,0.0,0.0,0.0,4.0,0.0,7.0,0.0,0.0,0.0,0.0,0.0,0.0,0.0,0.0,0.0]}
711681701	1595488590494	{"acc":3,"vals":[124.0,0.0,0.0,0.0,4.0,0.0,7.0,0.0,0.0,0.0,0.0,0.0,0.0,0.0,0.0,0.0]}
711681754	1595488590547	{"acc":3,"vals":[128.0,0.0,0.0,0.0,4.0,0.0,7.0,0.0,0.0,0.0,0.0,0.0,0.0,0.0,0.0,0.0]}
711681807	1595488590599	{"acc":3,"vals":[124.0,0.0,0.0,0.0,4.0,0.0,7.0,0.0,0.0,0.0,0.0,0.0,0.0,0.0,0.0,0.0]}
711681859	1595488590651	{"acc":3,"vals":[120.0,0.0,0.0,0.0,4.0,0.0,7.0,0.0,0.0,0.0,0.0,0.0,0.0,0.0,0.0,0.0]}
711681912	1595488590705	{"acc":3,"vals":[124.0,0.0,0.0,0.0,4.0,0.0,7.0,0.0,0.0,0.0,0.0,0.0,0.0,0.0,0.0,0.0]}
711681965	1595488590758	{"acc":3,"vals":[132.0,0.0,0.0,0.0,4.0,0.0,7.0,0.0,0.0,0.0,0.0,0.0,0.0,0.0,0.0,0.0]}
711682017	1595488590810	{"acc":3,"vals":[127.0,0.0,0.0,0.0,3.0,0.0,7.0,0.0,0.0,0.0,0.0,0.0,0.0,0.0,0.0,0.0]}
711682070	1595488590863	{"acc":3,"vals":[119.0,0.0,0.0,0.0,3.0,0.0,7.0,0.0,0.0,0.0,0.0,0.0,0.0,0.0,0.0,0.0]}
711682122	1595488590914	{"acc":3,"vals":[123.0,0.0,0.0,0.0,3.0,0.0,7.0,0.0,0.0,0.0,0.0,0.0,0.0,0.0,0.0,0.0]}
711682175	1595488590967	{"acc":3,"vals":[123.0,0.0,0.0,0.0,3.0,0.0,7.0,0.0,0.0,0.0,0.0,0.0,0.0,0.0,0.0,0.0]}
711682227	1595488591020	{"acc":3,"vals":[127.0,0.0,0.0,0.0,3.0,0.0,7.0,0.0,0.0,0.0,0.0,0.0,0.0,0.0,0.0,0.0]}
711682280	1595488591073	{"acc":3,"vals":[136.0,0.0,0.0,0.0,4.0,0.0,7.0,0.0,0.0,0.0,0.0,0.0,0.0,0.0,0.0,0.0]}
711682332	1595488591124	{"acc":3,"vals":[136.0,0.0,0.0,0.0,4.0,0.0,7.0,0.0,0.0,0.0,0.0,0.0,0.0,0.0,0.0,0.0]}
711682385	1595488591177	{"acc":3,"vals":[128.0,0.0,0.0,0.0,4.0,0.0,7.0,0.0,0.0,0.0,0.0,0.0,0.0,0.0,0.0,0.0]}
711682437	1595488591230	{"acc":3,"vals":[128.0,0.0,0.0,0.0,4.0,0.0,7.0,0.0,0.0,0.0,0.0,0.0,0.0,0.0,0.0,0.0]}
711682490	1595488591283	{"acc":3,"vals":[132.0,0.0,0.0,0.0,4.0,0.0,7.0,0.0,0.0,0.0,0.0,0.0,0.0,0.0,0.0,0.0]}
711682543	1595488591335	{"acc":3,"vals":[128.0,0.0,0.0,0.0,4.0,0.0,7.0,0.0,0.0,0.0,0.0,0.0,0.0,0.0,0.0,0.0]}
711682595	1595488591387	{"acc":3,"vals":[132.0,0.0,0.0,0.0,4.0,0.0,7.0,0.0,0.0,0.0,0.0,0.0,0.0,0.0,0.0,0.0]}
711682648	1595488591441	{"acc":3,"vals":[140.0,0.0,0.0,0.0,4.0,0.0,7.0,0.0,0.0,0.0,0.0,0.0,0.0,0.0,0.0,0.0]}
711682701	1595488591494	{"acc":3,"vals":[152.0,0.0,0.0,0.0,4.0,0.0,7.0,0.0,0.0,0.0,0.0,0.0,0.0,0.0,0.0,0.0]}
711682753	1595488591546	{"acc":3,"vals":[156.0,0.0,0.0,0.0,4.0,0.0,7.0,0.0,0.0,0.0,0.0,0.0,0.0,0.0,0.0,0.0]}
711682806	1595488591599	{"acc":3,"vals":[152.0,0.0,0.0,0.0,4.0,0.0,7.0,0.0,0.0,0.0,0.0,0.0,0.0,0.0,0.0,0.0]}
711682859	1595488591651	{"acc":3,"vals":[136.0,0.0,0.0,0.0,4.0,0.0,7.0,0.0,0.0,0.0,0.0,0.0,0.0,0.0,0.0,0.0]}
711682911	1595488591704	{"acc":3,"vals":[140.0,0.0,0.0,0.0,4.0,0.0,7.0,0.0,0.0,0.0,0.0,0.0,0.0,0.0,0.0,0.0]}
711682964	1595488591756	{"acc":3,"vals":[156.0,0.0,0.0,0.0,4.0,0.0,7.0,0.0,0.0,0.0,0.0,0.0,0.0,0.0,0.0,0.0]}
711683017	1595488591809	{"acc":3,"vals":[152.0,0.0,0.0,0.0,4.0,0.0,7.0,0.0,0.0,0.0,0.0,0.0,0.0,0.0,0.0,0.0]}
711683069	1595488591861	{"acc":3,"vals":[136.0,0.0,0.0,0.0,4.0,0.0,7.0,0.0,0.0,0.0,0.0,0.0,0.0,0.0,0.0,0.0]}
711683122	1595488591914	{"acc":3,"vals":[132.0,0.0,0.0,0.0,4.0,0.0,7.0,0.0,0.0,0.0,0.0,0.0,0.0,0.0,0.0,0.0]}
711683174	1595488591967	{"acc":3,"vals":[140.0,0.0,0.0,0.0,4.0,0.0,7.0,0.0,0.0,0.0,0.0,0.0,0.0,0.0,0.0,0.0]}
711683227	1595488592020	{"acc":3,"vals":[140.0,0.0,0.0,0.0,4.0,0.0,7.0,0.0,0.0,0.0,0.0,0.0,0.0,0.0,0.0,0.0]}
711683280	1595488592072	{"acc":3,"vals":[132.0,0.0,0.0,0.0,4.0,0.0,7.0,0.0,0.0,0.0,0.0,0.0,0.0,0.0,0.0,0.0]}
711683332	1595488592125	{"acc":3,"vals":[132.0,0.0,0.0,0.0,4.0,0.0,7.0,0.0,0.0,0.0,0.0,0.0,0.0,0.0,0.0,0.0]}
711683385	1595488592177	{"acc":3,"vals":[144.0,0.0,0.0,0.0,4.0,0.0,7.0,0.0,0.0,0.0,0.0,0.0,0.0,0.0,0.0,0.0]}
711683437	1595488592229	{"acc":3,"vals":[148.0,0.0,0.0,0.0,4.0,0.0,7.0,0.0,0.0,0.0,0.0,0.0,0.0,0.0,0.0,0.0]}
711683489	1595488592282	{"acc":3,"vals":[148.0,0.0,0.0,0.0,4.0,0.0,7.0,0.0,0.0,0.0,0.0,0.0,0.0,0.0,0.0,0.0]}
711683542	1595488592335	{"acc":3,"vals":[152.0,0.0,0.0,0.0,4.0,0.0,7.0,0.0,0.0,0.0,0.0,0.0,0.0,0.0,0.0,0.0]}
711683595	1595488592388	{"acc":3,"vals":[160.0,0.0,0.0,0.0,4.0,0.0,7.0,0.0,0.0,0.0,0.0,0.0,0.0,0.0,0.0,0.0]}
711683647	1595488592440	{"acc":3,"vals":[160.0,0.0,0.0,0.0,4.0,0.0,7.0,0.0,0.0,0.0,0.0,0.0,0.0,0.0,0.0,0.0]}
711683700	1595488592493	{"acc":3,"vals":[156.0,0.0,0.0,0.0,4.0,0.0,7.0,0.0,0.0,0.0,0.0,0.0,0.0,0.0,0.0,0.0]}
711683753	1595488592545	{"acc":3,"vals":[152.0,0.0,0.0,0.0,4.0,0.0,7.0,0.0,0.0,0.0,0.0,0.0,0.0,0.0,0.0,0.0]}
711683805	1595488592597	{"acc":3,"vals":[148.0,0.0,0.0,0.0,4.0,0.0,7.0,0.0,0.0,0.0,0.0,0.0,0.0,0.0,0.0,0.0]}
711683858	1595488592651	{"acc":3,"vals":[148.0,0.0,0.0,0.0,4.0,0.0,7.0,0.0,0.0,0.0,0.0,0.0,0.0,0.0,0.0,0.0]}
711683910	1595488592702	{"acc":3,"vals":[144.0,0.0,0.0,0.0,4.0,0.0,7.0,0.0,0.0,0.0,0.0,0.0,0.0,0.0,0.0,0.0]}
711683963	1595488592755	{"acc":3,"vals":[148.0,0.0,0.0,0.0,4.0,0.0,7.0,0.0,0.0,0.0,0.0,0.0,0.0,0.0,0.0,0.0]}
711684016	1595488592808	{"acc":3,"vals":[144.0,0.0,0.0,0.0,4.0,0.0,7.0,0.0,0.0,0.0,0.0,0.0,0.0,0.0,0.0,0.0]}
711684068	1595488592861	{"acc":3,"vals":[144.0,0.0,0.0,0.0,4.0,0.0,7.0,0.0,0.0,0.0,0.0,0.0,0.0,0.0,0.0,0.0]}
711684121	1595488592913	{"acc":3,"vals":[152.0,0.0,0.0,0.0,4.0,0.0,7.0,0.0,0.0,0.0,0.0,0.0,0.0,0.0,0.0,0.0]}
711684174	1595488592967	{"acc":3,"vals":[144.0,0.0,0.0,0.0,4.0,0.0,7.0,0.0,0.0,0.0,0.0,0.0,0.0,0.0,0.0,0.0]}
711684226	1595488593018	{"acc":3,"vals":[140.0,0.0,0.0,0.0,4.0,0.0,7.0,0.0,0.0,0.0,0.0,0.0,0.0,0.0,0.0,0.0]}
711684279	1595488593072	{"acc":3,"vals":[140.0,0.0,0.0,0.0,4.0,0.0,7.0,0.0,0.0,0.0,0.0,0.0,0.0,0.0,0.0,0.0]}
711684332	1595488593124	{"acc":3,"vals":[144.0,0.0,0.0,0.0,4.0,0.0,7.0,0.0,0.0,0.0,0.0,0.0,0.0,0.0,0.0,0.0]}
711684384	1595488593176	{"acc":3,"vals":[144.0,0.0,0.0,0.0,4.0,0.0,7.0,0.0,0.0,0.0,0.0,0.0,0.0,0.0,0.0,0.0]}
711684437	1595488593229	{"acc":3,"vals":[140.0,0.0,0.0,0.0,4.0,0.0,7.0,0.0,0.0,0.0,0.0,0.0,0.0,0.0,0.0,0.0]}
711684490	1595488593283	{"acc":3,"vals":[140.0,0.0,0.0,0.0,4.0,0.0,7.0,0.0,0.0,0.0,0.0,0.0,0.0,0.0,0.0,0.0]}
711684542	1595488593335	{"acc":3,"vals":[152.0,0.0,0.0,0.0,4.0,0.0,7.0,0.0,0.0,0.0,0.0,0.0,0.0,0.0,0.0,0.0]}
711684594	1595488593386	{"acc":3,"vals":[156.0,0.0,0.0,0.0,4.0,0.0,7.0,0.0,0.0,0.0,0.0,0.0,0.0,0.0,0.0,0.0]}
711684647	1595488593440	{"acc":3,"vals":[160.0,0.0,0.0,0.0,4.0,0.0,7.0,0.0,0.0,0.0,0.0,0.0,0.0,0.0,0.0,0.0]}
711684699	1595488593491	{"acc":3,"vals":[152.0,0.0,0.0,0.0,4.0,0.0,7.0,0.0,0.0,0.0,0.0,0.0,0.0,0.0,0.0,0.0]}
711684752	1595488593544	{"acc":3,"vals":[148.0,0.0,0.0,0.0,4.0,0.0,7.0,0.0,0.0,0.0,0.0,0.0,0.0,0.0,0.0,0.0]}
711684804	1595488593596	{"acc":3,"vals":[148.0,0.0,0.0,0.0,4.0,0.0,7.0,0.0,0.0,0.0,0.0,0.0,0.0,0.0,0.0,0.0]}
711684857	1595488593650	{"acc":3,"vals":[144.0,0.0,0.0,0.0,4.0,0.0,7.0,0.0,0.0,0.0,0.0,0.0,0.0,0.0,0.0,0.0]}
711684910	1595488593703	{"acc":3,"vals":[148.0,0.0,0.0,0.0,4.0,0.0,7.0,0.0,0.0,0.0,0.0,0.0,0.0,0.0,0.0,0.0]}
711684962	1595488593755	{"acc":3,"vals":[160.0,0.0,0.0,0.0,4.0,0.0,7.0,0.0,0.0,0.0,0.0,0.0,0.0,0.0,0.0,0.0]}
711685015	1595488593808	{"acc":3,"vals":[156.0,0.0,0.0,0.0,4.0,0.0,7.0,0.0,0.0,0.0,0.0,0.0,0.0,0.0,0.0,0.0]}
711685068	1595488593861	{"acc":3,"vals":[144.0,0.0,0.0,0.0,4.0,0.0,7.0,0.0,0.0,0.0,0.0,0.0,0.0,0.0,0.0,0.0]}
711685120	1595488593912	{"acc":3,"vals":[148.0,0.0,0.0,0.0,4.0,0.0,7.0,0.0,0.0,0.0,0.0,0.0,0.0,0.0,0.0,0.0]}
711685173	1595488593966	{"acc":3,"vals":[148.0,0.0,0.0,0.0,4.0,0.0,7.0,0.0,0.0,0.0,0.0,0.0,0.0,0.0,0.0,0.0]}
711685226	1595488594019	{"acc":3,"vals":[140.0,0.0,0.0,0.0,4.0,0.0,7.0,0.0,0.0,0.0,0.0,0.0,0.0,0.0,0.0,0.0]}
711685278	1595488594071	{"acc":3,"vals":[136.0,0.0,0.0,0.0,4.0,0.0,7.0,0.0,0.0,0.0,0.0,0.0,0.0,0.0,0.0,0.0]}
711685331	1595488594124	{"acc":3,"vals":[148.0,0.0,0.0,0.0,4.0,0.0,7.0,0.0,0.0,0.0,0.0,0.0,0.0,0.0,0.0,0.0]}
711685384	1595488594176	{"acc":3,"vals":[148.0,0.0,0.0,0.0,4.0,0.0,7.0,0.0,0.0,0.0,0.0,0.0,0.0,0.0,0.0,0.0]}
711685436	1595488594229	{"acc":3,"vals":[136.0,0.0,0.0,0.0,4.0,0.0,7.0,0.0,0.0,0.0,0.0,0.0,0.0,0.0,0.0,0.0]}
711685489	1595488594281	{"acc":3,"vals":[131.0,0.0,0.0,0.0,3.0,0.0,7.0,0.0,0.0,0.0,0.0,0.0,0.0,0.0,0.0,0.0]}
711685541	1595488594334	{"acc":3,"vals":[127.0,0.0,0.0,0.0,3.0,0.0,7.0,0.0,0.0,0.0,0.0,0.0,0.0,0.0,0.0,0.0]}
711685594	1595488594386	{"acc":3,"vals":[127.0,0.0,0.0,0.0,3.0,0.0,7.0,0.0,0.0,0.0,0.0,0.0,0.0,0.0,0.0,0.0]}
711685647	1595488594439	{"acc":3,"vals":[127.0,0.0,0.0,0.0,3.0,0.0,7.0,0.0,0.0,0.0,0.0,0.0,0.0,0.0,0.0,0.0]}
711685699	1595488594492	{"acc":3,"vals":[132.0,0.0,0.0,0.0,4.0,0.0,7.0,0.0,0.0,0.0,0.0,0.0,0.0,0.0,0.0,0.0]}
711685752	1595488594544	{"acc":3,"vals":[131.0,0.0,0.0,0.0,3.0,0.0,7.0,0.0,0.0,0.0,0.0,0.0,0.0,0.0,0.0,0.0]}
711685804	1595488594597	{"acc":3,"vals":[136.0,0.0,0.0,0.0,4.0,0.0,7.0,0.0,0.0,0.0,0.0,0.0,0.0,0.0,0.0,0.0]}
711685856	1595488594648	{"acc":3,"vals":[140.0,0.0,0.0,0.0,4.0,0.0,7.0,0.0,0.0,0.0,0.0,0.0,0.0,0.0,0.0,0.0]}
711685909	1595488594701	{"acc":3,"vals":[128.0,0.0,0.0,0.0,4.0,0.0,7.0,0.0,0.0,0.0,0.0,0.0,0.0,0.0,0.0,0.0]}
711685962	1595488594754	{"acc":3,"vals":[132.0,0.0,0.0,0.0,4.0,0.0,7.0,0.0,0.0,0.0,0.0,0.0,0.0,0.0,0.0,0.0]}
711686014	1595488594807	{"acc":3,"vals":[144.0,0.0,0.0,0.0,4.0,0.0,7.0,0.0,0.0,0.0,0.0,0.0,0.0,0.0,0.0,0.0]}
711686067	1595488594860	{"acc":3,"vals":[144.0,0.0,0.0,0.0,4.0,0.0,7.0,0.0,0.0,0.0,0.0,0.0,0.0,0.0,0.0,0.0]}
711686120	1595488594912	{"acc":3,"vals":[131.0,0.0,0.0,0.0,3.0,0.0,7.0,0.0,0.0,0.0,0.0,0.0,0.0,0.0,0.0,0.0]}
711686172	1595488594965	{"acc":3,"vals":[127.0,0.0,0.0,0.0,3.0,0.0,7.0,0.0,0.0,0.0,0.0,0.0,0.0,0.0,0.0,0.0]}
711686225	1595488595018	{"acc":3,"vals":[131.0,0.0,0.0,0.0,3.0,0.0,7.0,0.0,0.0,0.0,0.0,0.0,0.0,0.0,0.0,0.0]}
711686278	1595488595071	{"acc":3,"vals":[136.0,0.0,0.0,0.0,4.0,0.0,7.0,0.0,0.0,0.0,0.0,0.0,0.0,0.0,0.0,0.0]}
711686330	1595488595122	{"acc":3,"vals":[136.0,0.0,0.0,0.0,4.0,0.0,7.0,0.0,0.0,0.0,0.0,0.0,0.0,0.0,0.0,0.0]}
711686383	1595488595176	{"acc":3,"vals":[136.0,0.0,0.0,0.0,4.0,0.0,7.0,0.0,0.0,0.0,0.0,0.0,0.0,0.0,0.0,0.0]}
711686435	1595488595228	{"acc":3,"vals":[131.0,0.0,0.0,0.0,3.0,0.0,7.0,0.0,0.0,0.0,0.0,0.0,0.0,0.0,0.0,0.0]}
711686488	1595488595281	{"acc":3,"vals":[131.0,0.0,0.0,0.0,3.0,0.0,7.0,0.0,0.0,0.0,0.0,0.0,0.0,0.0,0.0,0.0]}
711686541	1595488595333	{"acc":3,"vals":[135.0,0.0,0.0,0.0,3.0,0.0,7.0,0.0,0.0,0.0,0.0,0.0,0.0,0.0,0.0,0.0]}
711686593	1595488595386	{"acc":3,"vals":[135.0,0.0,0.0,0.0,3.0,0.0,7.0,0.0,0.0,0.0,0.0,0.0,0.0,0.0,0.0,0.0]}
711686646	1595488595439	{"acc":3,"vals":[127.0,0.0,0.0,0.0,3.0,0.0,7.0,0.0,0.0,0.0,0.0,0.0,0.0,0.0,0.0,0.0]}
711686699	1595488595492	{"acc":3,"vals":[127.0,0.0,0.0,0.0,3.0,0.0,7.0,0.0,0.0,0.0,0.0,0.0,0.0,0.0,0.0,0.0]}
711686751	1595488595543	{"acc":3,"vals":[131.0,0.0,0.0,0.0,3.0,0.0,7.0,0.0,0.0,0.0,0.0,0.0,0.0,0.0,0.0,0.0]}
711686804	1595488595596	{"acc":3,"vals":[136.0,0.0,0.0,0.0,4.0,0.0,7.0,0.0,0.0,0.0,0.0,0.0,0.0,0.0,0.0,0.0]}
711686857	1595488595650	{"acc":3,"vals":[140.0,0.0,0.0,0.0,4.0,0.0,7.0,0.0,0.0,0.0,0.0,0.0,0.0,0.0,0.0,0.0]}
711686909	1595488595701	{"acc":3,"vals":[135.0,0.0,0.0,0.0,3.0,0.0,7.0,0.0,0.0,0.0,0.0,0.0,0.0,0.0,0.0,0.0]}
711686962	1595488595755	{"acc":3,"vals":[132.0,0.0,0.0,0.0,4.0,0.0,7.0,0.0,0.0,0.0,0.0,0.0,0.0,0.0,0.0,0.0]}
711687014	1595488595806	{"acc":3,"vals":[140.0,0.0,0.0,0.0,4.0,0.0,7.0,0.0,0.0,0.0,0.0,0.0,0.0,0.0,0.0,0.0]}
711687066	1595488595858	{"acc":3,"vals":[131.0,0.0,0.0,0.0,3.0,0.0,7.0,0.0,0.0,0.0,0.0,0.0,0.0,0.0,0.0,0.0]}
711687119	1595488595911	{"acc":3,"vals":[135.0,0.0,0.0,0.0,3.0,0.0,7.0,0.0,0.0,0.0,0.0,0.0,0.0,0.0,0.0,0.0]}
711687171	1595488595963	{"acc":3,"vals":[136.0,0.0,0.0,0.0,4.0,0.0,7.0,0.0,0.0,0.0,0.0,0.0,0.0,0.0,0.0,0.0]}
711687224	1595488596016	{"acc":3,"vals":[132.0,0.0,0.0,0.0,4.0,0.0,7.0,0.0,0.0,0.0,0.0,0.0,0.0,0.0,0.0,0.0]}
711687277	1595488596069	{"acc":3,"vals":[131.0,0.0,0.0,0.0,3.0,0.0,7.0,0.0,0.0,0.0,0.0,0.0,0.0,0.0,0.0,0.0]}
711687329	1595488596121	{"acc":3,"vals":[131.0,0.0,0.0,0.0,3.0,0.0,7.0,0.0,0.0,0.0,0.0,0.0,0.0,0.0,0.0,0.0]}
711687382	1595488596175	{"acc":3,"vals":[123.0,0.0,0.0,0.0,3.0,0.0,7.0,0.0,0.0,0.0,0.0,0.0,0.0,0.0,0.0,0.0]}
711687435	1595488596227	{"acc":3,"vals":[123.0,0.0,0.0,0.0,3.0,0.0,7.0,0.0,0.0,0.0,0.0,0.0,0.0,0.0,0.0,0.0]}
711687487	1595488596280	{"acc":3,"vals":[127.0,0.0,0.0,0.0,3.0,0.0,7.0,0.0,0.0,0.0,0.0,0.0,0.0,0.0,0.0,0.0]}
711687540	1595488596333	{"acc":3,"vals":[127.0,0.0,0.0,0.0,3.0,0.0,7.0,0.0,0.0,0.0,0.0,0.0,0.0,0.0,0.0,0.0]}
711687593	1595488596385	{"acc":3,"vals":[135.0,0.0,0.0,0.0,3.0,0.0,7.0,0.0,0.0,0.0,0.0,0.0,0.0,0.0,0.0,0.0]}
711687645	1595488596438	{"acc":3,"vals":[135.0,0.0,0.0,0.0,3.0,0.0,7.0,0.0,0.0,0.0,0.0,0.0,0.0,0.0,0.0,0.0]}
711687698	1595488596490	{"acc":3,"vals":[123.0,0.0,0.0,0.0,3.0,0.0,7.0,0.0,0.0,0.0,0.0,0.0,0.0,0.0,0.0,0.0]}
711687751	1595488596543	{"acc":3,"vals":[123.0,0.0,0.0,0.0,3.0,0.0,7.0,0.0,0.0,0.0,0.0,0.0,0.0,0.0,0.0,0.0]}
711687803	1595488596595	{"acc":3,"vals":[123.0,0.0,0.0,0.0,3.0,0.0,7.0,0.0,0.0,0.0,0.0,0.0,0.0,0.0,0.0,0.0]}
711687856	1595488596648	{"acc":3,"vals":[127.0,0.0,0.0,0.0,3.0,0.0,7.0,0.0,0.0,0.0,0.0,0.0,0.0,0.0,0.0,0.0]}
711687909	1595488596701	{"acc":3,"vals":[135.0,0.0,0.0,0.0,3.0,0.0,7.0,0.0,0.0,0.0,0.0,0.0,0.0,0.0,0.0,0.0]}
711687961	1595488596754	{"acc":3,"vals":[136.0,0.0,0.0,0.0,4.0,0.0,7.0,0.0,0.0,0.0,0.0,0.0,0.0,0.0,0.0,0.0]}
711688014	1595488596807	{"acc":3,"vals":[136.0,0.0,0.0,0.0,4.0,0.0,7.0,0.0,0.0,0.0,0.0,0.0,0.0,0.0,0.0,0.0]}
711688066	1595488596859	{"acc":3,"vals":[128.0,0.0,0.0,0.0,4.0,0.0,7.0,0.0,0.0,0.0,0.0,0.0,0.0,0.0,0.0,0.0]}
711688119	1595488596912	{"acc":3,"vals":[131.0,0.0,0.0,0.0,3.0,0.0,7.0,0.0,0.0,0.0,0.0,0.0,0.0,0.0,0.0,0.0]}
711688171	1595488596964	{"acc":3,"vals":[131.0,0.0,0.0,0.0,3.0,0.0,7.0,0.0,0.0,0.0,0.0,0.0,0.0,0.0,0.0,0.0]}
711688224	1595488597017	{"acc":3,"vals":[127.0,0.0,0.0,0.0,3.0,0.0,7.0,0.0,0.0,0.0,0.0,0.0,0.0,0.0,0.0,0.0]}
711688276	1595488597068	{"acc":3,"vals":[123.0,0.0,0.0,0.0,3.0,0.0,7.0,0.0,0.0,0.0,0.0,0.0,0.0,0.0,0.0,0.0]}
711688329	1595488597122	{"acc":3,"vals":[119.0,0.0,0.0,0.0,3.0,0.0,7.0,0.0,0.0,0.0,0.0,0.0,0.0,0.0,0.0,0.0]}
711688381	1595488597173	{"acc":3,"vals":[123.0,0.0,0.0,0.0,3.0,0.0,7.0,0.0,0.0,0.0,0.0,0.0,0.0,0.0,0.0,0.0]}
711688434	1595488597227	{"acc":3,"vals":[131.0,0.0,0.0,0.0,3.0,0.0,7.0,0.0,0.0,0.0,0.0,0.0,0.0,0.0,0.0,0.0]}
711688487	1595488597280	{"acc":3,"vals":[131.0,0.0,0.0,0.0,3.0,0.0,7.0,0.0,0.0,0.0,0.0,0.0,0.0,0.0,0.0,0.0]}
711688539	1595488597331	{"acc":3,"vals":[135.0,0.0,0.0,0.0,3.0,0.0,7.0,0.0,0.0,0.0,0.0,0.0,0.0,0.0,0.0,0.0]}
711688592	1595488597384	{"acc":3,"vals":[135.0,0.0,0.0,0.0,3.0,0.0,7.0,0.0,0.0,0.0,0.0,0.0,0.0,0.0,0.0,0.0]}
711688645	1595488597438	{"acc":3,"vals":[131.0,0.0,0.0,0.0,3.0,0.0,7.0,0.0,0.0,0.0,0.0,0.0,0.0,0.0,0.0,0.0]}
711688697	1595488597490	{"acc":3,"vals":[131.0,0.0,0.0,0.0,3.0,0.0,7.0,0.0,0.0,0.0,0.0,0.0,0.0,0.0,0.0,0.0]}
711688750	1595488597542	{"acc":3,"vals":[127.0,0.0,0.0,0.0,3.0,0.0,7.0,0.0,0.0,0.0,0.0,0.0,0.0,0.0,0.0,0.0]}
711688802	1595488597595	{"acc":3,"vals":[127.0,0.0,0.0,0.0,3.0,0.0,7.0,0.0,0.0,0.0,0.0,0.0,0.0,0.0,0.0,0.0]}
711688855	1595488597647	{"acc":3,"vals":[135.0,0.0,0.0,0.0,3.0,0.0,7.0,0.0,0.0,0.0,0.0,0.0,0.0,0.0,0.0,0.0]}
711688908	1595488597700	{"acc":3,"vals":[131.0,0.0,0.0,0.0,3.0,0.0,7.0,0.0,0.0,0.0,0.0,0.0,0.0,0.0,0.0,0.0]}
711688960	1595488597753	{"acc":3,"vals":[135.0,0.0,0.0,0.0,3.0,0.0,7.0,0.0,0.0,0.0,0.0,0.0,0.0,0.0,0.0,0.0]}
711689013	1595488597806	{"acc":3,"vals":[148.0,0.0,0.0,0.0,4.0,0.0,7.0,0.0,0.0,0.0,0.0,0.0,0.0,0.0,0.0,0.0]}
711689066	1595488597859	{"acc":3,"vals":[144.0,0.0,0.0,0.0,4.0,0.0,7.0,0.0,0.0,0.0,0.0,0.0,0.0,0.0,0.0,0.0]}
711689118	1595488597911	{"acc":3,"vals":[140.0,0.0,0.0,0.0,4.0,0.0,7.0,0.0,0.0,0.0,0.0,0.0,0.0,0.0,0.0,0.0]}
711689171	1595488597963	{"acc":3,"vals":[144.0,0.0,0.0,0.0,4.0,0.0,7.0,0.0,0.0,0.0,0.0,0.0,0.0,0.0,0.0,0.0]}
711689224	1595488598016	{"acc":3,"vals":[140.0,0.0,0.0,0.0,4.0,0.0,7.0,0.0,0.0,0.0,0.0,0.0,0.0,0.0,0.0,0.0]}
711689276	1595488598068	{"acc":3,"vals":[135.0,0.0,0.0,0.0,3.0,0.0,7.0,0.0,0.0,0.0,0.0,0.0,0.0,0.0,0.0,0.0]}
711689329	1595488598121	{"acc":3,"vals":[131.0,0.0,0.0,0.0,3.0,0.0,7.0,0.0,0.0,0.0,0.0,0.0,0.0,0.0,0.0,0.0]}
711689381	1595488598173	{"acc":3,"vals":[119.0,0.0,0.0,0.0,3.0,0.0,7.0,0.0,0.0,0.0,0.0,0.0,0.0,0.0,0.0,0.0]}
711689434	1595488598227	{"acc":3,"vals":[127.0,0.0,0.0,0.0,3.0,0.0,7.0,0.0,0.0,0.0,0.0,0.0,0.0,0.0,0.0,0.0]}
711689486	1595488598278	{"acc":3,"vals":[127.0,0.0,0.0,0.0,3.0,0.0,7.0,0.0,0.0,0.0,0.0,0.0,0.0,0.0,0.0,0.0]}
711689539	1595488598331	{"acc":3,"vals":[123.0,0.0,0.0,0.0,3.0,0.0,7.0,0.0,0.0,0.0,0.0,0.0,0.0,0.0,0.0,0.0]}
711689591	1595488598383	{"acc":3,"vals":[127.0,0.0,0.0,0.0,3.0,0.0,7.0,0.0,0.0,0.0,0.0,0.0,0.0,0.0,0.0,0.0]}
711689644	1595488598437	{"acc":3,"vals":[131.0,0.0,0.0,0.0,3.0,0.0,7.0,0.0,0.0,0.0,0.0,0.0,0.0,0.0,0.0,0.0]}
711689696	1595488598489	{"acc":3,"vals":[131.0,0.0,0.0,0.0,3.0,0.0,7.0,0.0,0.0,0.0,0.0,0.0,0.0,0.0,0.0,0.0]}
711689749	1595488598542	{"acc":3,"vals":[131.0,0.0,0.0,0.0,3.0,0.0,7.0,0.0,0.0,0.0,0.0,0.0,0.0,0.0,0.0,0.0]}
711689802	1595488598594	{"acc":3,"vals":[131.0,0.0,0.0,0.0,3.0,0.0,7.0,0.0,0.0,0.0,0.0,0.0,0.0,0.0,0.0,0.0]}
711689854	1595488598647	{"acc":3,"vals":[131.0,0.0,0.0,0.0,3.0,0.0,7.0,0.0,0.0,0.0,0.0,0.0,0.0,0.0,0.0,0.0]}
711689907	1595488598699	{"acc":3,"vals":[127.0,0.0,0.0,0.0,3.0,0.0,7.0,0.0,0.0,0.0,0.0,0.0,0.0,0.0,0.0,0.0]}
711689960	1595488598753	{"acc":3,"vals":[131.0,0.0,0.0,0.0,3.0,0.0,7.0,0.0,0.0,0.0,0.0,0.0,0.0,0.0,0.0,0.0]}
711690012	1595488598805	{"acc":3,"vals":[135.0,0.0,0.0,0.0,3.0,0.0,7.0,0.0,0.0,0.0,0.0,0.0,0.0,0.0,0.0,0.0]}
711690065	1595488598857	{"acc":3,"vals":[139.0,0.0,0.0,0.0,3.0,0.0,7.0,0.0,0.0,0.0,0.0,0.0,0.0,0.0,0.0,0.0]}
711690118	1595488598910	{"acc":3,"vals":[135.0,0.0,0.0,0.0,3.0,0.0,7.0,0.0,0.0,0.0,0.0,0.0,0.0,0.0,0.0,0.0]}
711690170	1595488598963	{"acc":3,"vals":[131.0,0.0,0.0,0.0,3.0,0.0,7.0,0.0,0.0,0.0,0.0,0.0,0.0,0.0,0.0,0.0]}
711690223	1595488599016	{"acc":3,"vals":[127.0,0.0,0.0,0.0,3.0,0.0,7.0,0.0,0.0,0.0,0.0,0.0,0.0,0.0,0.0,0.0]}
711690276	1595488599068	{"acc":3,"vals":[127.0,0.0,0.0,0.0,3.0,0.0,7.0,0.0,0.0,0.0,0.0,0.0,0.0,0.0,0.0,0.0]}
711690328	1595488599120	{"acc":3,"vals":[127.0,0.0,0.0,0.0,3.0,0.0,7.0,0.0,0.0,0.0,0.0,0.0,0.0,0.0,0.0,0.0]}
711690381	1595488599173	{"acc":3,"vals":[127.0,0.0,0.0,0.0,3.0,0.0,7.0,0.0,0.0,0.0,0.0,0.0,0.0,0.0,0.0,0.0]}
711690433	1595488599226	{"acc":3,"vals":[131.0,0.0,0.0,0.0,3.0,0.0,7.0,0.0,0.0,0.0,0.0,0.0,0.0,0.0,0.0,0.0]}
711690486	1595488599278	{"acc":3,"vals":[131.0,0.0,0.0,0.0,3.0,0.0,7.0,0.0,0.0,0.0,0.0,0.0,0.0,0.0,0.0,0.0]}
711690539	1595488599331	{"acc":3,"vals":[139.0,0.0,0.0,0.0,3.0,0.0,7.0,0.0,0.0,0.0,0.0,0.0,0.0,0.0,0.0,0.0]}
711690591	1595488599384	{"acc":3,"vals":[139.0,0.0,0.0,0.0,3.0,0.0,7.0,0.0,0.0,0.0,0.0,0.0,0.0,0.0,0.0,0.0]}
711690644	1595488599437	{"acc":3,"vals":[135.0,0.0,0.0,0.0,3.0,0.0,7.0,0.0,0.0,0.0,0.0,0.0,0.0,0.0,0.0,0.0]}
711690696	1595488599488	{"acc":3,"vals":[131.0,0.0,0.0,0.0,3.0,0.0,7.0,0.0,0.0,0.0,0.0,0.0,0.0,0.0,0.0,0.0]}
711690748	1595488599541	{"acc":3,"vals":[139.0,0.0,0.0,0.0,3.0,0.0,7.0,0.0,0.0,0.0,0.0,0.0,0.0,0.0,0.0,0.0]}
711690801	1595488599594	{"acc":3,"vals":[139.0,0.0,0.0,0.0,3.0,0.0,7.0,0.0,0.0,0.0,0.0,0.0,0.0,0.0,0.0,0.0]}
711690854	1595488599646	{"acc":3,"vals":[135.0,0.0,0.0,0.0,3.0,0.0,7.0,0.0,0.0,0.0,0.0,0.0,0.0,0.0,0.0,0.0]}
711690906	1595488599698	{"acc":3,"vals":[135.0,0.0,0.0,0.0,3.0,0.0,7.0,0.0,0.0,0.0,0.0,0.0,0.0,0.0,0.0,0.0]}
711690959	1595488599751	{"acc":3,"vals":[135.0,0.0,0.0,0.0,3.0,0.0,7.0,0.0,0.0,0.0,0.0,0.0,0.0,0.0,0.0,0.0]}
711691012	1595488599804	{"acc":3,"vals":[135.0,0.0,0.0,0.0,3.0,0.0,7.0,0.0,0.0,0.0,0.0,0.0,0.0,0.0,0.0,0.0]}
711691064	1595488599856	{"acc":3,"vals":[135.0,0.0,0.0,0.0,3.0,0.0,7.0,0.0,0.0,0.0,0.0,0.0,0.0,0.0,0.0,0.0]}
711691117	1595488599910	{"acc":3,"vals":[135.0,0.0,0.0,0.0,3.0,0.0,7.0,0.0,0.0,0.0,0.0,0.0,0.0,0.0,0.0,0.0]}
711691170	1595488599962	{"acc":3,"vals":[135.0,0.0,0.0,0.0,3.0,0.0,7.0,0.0,0.0,0.0,0.0,0.0,0.0,0.0,0.0,0.0]}
711691222	1595488600015	{"acc":3,"vals":[135.0,0.0,0.0,0.0,3.0,0.0,7.0,0.0,0.0,0.0,0.0,0.0,0.0,0.0,0.0,0.0]}
711691275	1595488600068	{"acc":3,"vals":[131.0,0.0,0.0,0.0,3.0,0.0,7.0,0.0,0.0,0.0,0.0,0.0,0.0,0.0,0.0,0.0]}
711691327	1595488600119	{"acc":3,"vals":[131.0,0.0,0.0,0.0,3.0,0.0,7.0,0.0,0.0,0.0,0.0,0.0,0.0,0.0,0.0,0.0]}
711691380	1595488600173	{"acc":3,"vals":[132.0,0.0,0.0,0.0,4.0,0.0,7.0,0.0,0.0,0.0,0.0,0.0,0.0,0.0,0.0,0.0]}
711691433	1595488600225	{"acc":3,"vals":[131.0,0.0,0.0,0.0,3.0,0.0,7.0,0.0,0.0,0.0,0.0,0.0,0.0,0.0,0.0,0.0]}
711691485	1595488600278	{"acc":3,"vals":[131.0,0.0,0.0,0.0,3.0,0.0,7.0,0.0,0.0,0.0,0.0,0.0,0.0,0.0,0.0,0.0]}
711691538	1595488600330	{"acc":3,"vals":[131.0,0.0,0.0,0.0,3.0,0.0,7.0,0.0,0.0,0.0,0.0,0.0,0.0,0.0,0.0,0.0]}
711691591	1595488600383	{"acc":3,"vals":[128.0,0.0,0.0,0.0,4.0,0.0,7.0,0.0,0.0,0.0,0.0,0.0,0.0,0.0,0.0,0.0]}
711691643	1595488600435	{"acc":3,"vals":[128.0,0.0,0.0,0.0,4.0,0.0,7.0,0.0,0.0,0.0,0.0,0.0,0.0,0.0,0.0,0.0]}
711691696	1595488600489	{"acc":3,"vals":[128.0,0.0,0.0,0.0,4.0,0.0,7.0,0.0,0.0,0.0,0.0,0.0,0.0,0.0,0.0,0.0]}
711691749	1595488600541	{"acc":3,"vals":[128.0,0.0,0.0,0.0,4.0,0.0,7.0,0.0,0.0,0.0,0.0,0.0,0.0,0.0,0.0,0.0]}
711691801	1595488600594	{"acc":3,"vals":[128.0,0.0,0.0,0.0,4.0,0.0,7.0,0.0,0.0,0.0,0.0,0.0,0.0,0.0,0.0,0.0]}
